10 0.9546875 0.6889671361502347 0.0859375 0.11737089201877934
12 0.721875 0.5610328638497653 0.0953125 0.11502347417840375
10 0.3671875 0.6631455399061033 0.05625 0.1056338028169014
2 0.2828125 0.4812206572769953 0.0171875 0.03755868544600939
2 0.4015625 0.5328638497652582 0.01875 0.04929577464788732
2 0.675 0.4765258215962441 0.0234375 0.03990610328638498
2 0.696875 0.460093896713615 0.0171875 0.03051643192488263
2 0.3390625 0.33215962441314556 0.0078125 0.014084507042253521
2 0.4015625 0.3086854460093897 0.00625 0.009389671361502348
2 0.478125 0.33215962441314556 0.0078125 0.01643192488262911
9 0.2984375 0.31103286384976525 0.0140625 0.01643192488262911
3 0.315625 0.3086854460093897 0.0140625 0.023474178403755867
17 0.2828125 0.2992957746478873 0.01875 0.03755868544600939
17 0.2796875 0.2734741784037559 0.0171875 0.014084507042253521
10 0.3296875 0.43661971830985913 0.021875 0.046948356807511735
10 0.30625 0.38028169014084506 0.0171875 0.03051643192488263
10 0.4953125 0.39436619718309857 0.021875 0.035211267605633804
10 0.43125 0.3438967136150235 0.0125 0.025821596244131457
8 0.4140625 0.34624413145539906 0.021875 0.03051643192488263
19 0.3671875 0.4154929577464789 0.03125 0.03286384976525822
19 0.3046875 0.3368544600938967 0.0171875 0.023474178403755867
19 0.415625 0.31572769953051644 0.0171875 0.018779342723004695
19 0.371875 0.31572769953051644 0.0140625 0.02112676056338028
19 0.3234375 0.29225352112676056 0.0078125 0.009389671361502348
19 0.3125 0.2734741784037559 0.0078125 0.009389671361502348
19 0.3390625 0.2805164319248826 0.009375 0.011737089201877934
19 0.303125 0.29460093896713613 0.00625 0.011737089201877934
10 0.390625 0.31103286384976525 0.009375 0.01643192488262911
19 0.3578125 0.3485915492957746 0.0203125 0.025821596244131457
10 0.3609375 0.2875586854460094 0.0046875 0.011737089201877934
17 0.5125 0.36032863849765256 0.0515625 0.04460093896713615