3 0.08515625 0.7197916666666667 0.1703125 0.55625
5 0.9578125 0.7041666666666667 0.0796875 0.1125
17 0.49375 0.6583333333333333 0.4734375 0.5729166666666666
8 0.903125 0.6291666666666667 0.1890625 0.09375
19 0.890625 0.5520833333333334 0.15 0.052083333333333336
2 0.25 0.5 0.0421875 0.11666666666666667
17 0.8171875 0.3375 0.19375 0.325
17 0.5640625 0.27291666666666664 0.2 0.28541666666666665
17 0.3890625 0.2375 0.1546875 0.225
17 0.85 0.1 0.1390625 0.09791666666666667
17 0.6703125 0.07708333333333334 0.1265625 0.1125
3 0.109375 0.27708333333333335 0.096875 0.08541666666666667
17 0.13125 0.0875 0.159375 0.14166666666666666
17 0.4640625 0.08958333333333333 0.171875 0.05625
5 0.69375 0.3541666666666667 0.05 0.16875