19 0.8796875 0.8305882352941176 0.09375 0.15764705882352942
19 0.2515625 0.84 0.15 0.1411764705882353
10 0.484375 0.7047058823529412 0.0546875 0.09647058823529411
16 0.3015625 0.6858823529411765 0.0328125 0.05647058823529412
8 0.38125 0.7047058823529412 0.04375 0.12
5 0.353125 0.6717647058823529 0.0140625 0.07058823529411765
19 0.503125 0.6435294117647059 0.0375 0.02588235294117647
19 0.4734375 0.62 0.05625 0.04
2 0.459375 0.5823529411764706 0.021875 0.03529411764705882
19 0.5484375 0.6011764705882353 0.0484375 0.04941176470588235
19 0.5015625 0.5823529411764706 0.0453125 0.03294117647058824
19 0.575 0.5541176470588235 0.01875 0.042352941176470586
12 0.5234375 0.5470588235294118 0.04375 0.04
2 0.49375 0.5564705882352942 0.0109375 0.01411764705882353
23 0.5546875 0.5352941176470588 0.01875 0.04470588235294118
10 0.503125 0.5047058823529412 0.0171875 0.03058823529411765
10 0.540625 0.48823529411764705 0.0171875 0.02823529411764706
10 0.56875 0.4835294117647059 0.015625 0.02588235294117647
10 0.590625 0.4788235294117647 0.0125 0.02588235294117647
10 0.603125 0.4835294117647059 0.0125 0.02588235294117647
10 0.70625 0.4717647058823529 0.0109375 0.023529411764705882
10 0.7875 0.5729411764705883 0.0234375 0.05176470588235294
19 0.621875 0.4717647058823529 0.015625 0.018823529411764704
19 0.609375 0.4623529411764706 0.0125 0.01647058823529412
19 0.634375 0.46 0.0078125 0.01647058823529412
19 0.7203125 0.4811764705882353 0.0140625 0.021176470588235293
19 0.7375 0.49529411764705883 0.009375 0.02823529411764706
19 0.6796875 0.4435294117647059 0.009375 0.011764705882352941
19 0.6640625 0.4647058823529412 0.0140625 0.007058823529411765
2 0.65625 0.5235294117647059 0.0140625 0.02588235294117647
17 0.6890625 0.46 0.0171875 0.01647058823529412
3 0.678125 0.4764705882352941 0.0171875 0.01647058823529412
3 0.68125 0.5164705882352941 0.03125 0.0611764705882353
3 0.7140625 0.43411764705882355 0.009375 0.01411764705882353