0 0.5734375 0.8945868945868946 0.0890625 0.19373219373219372
8 0.68125 0.8888888888888888 0.103125 0.16524216524216523
19 0.521875 0.7749287749287749 0.0515625 0.09971509971509972
8 0.4453125 0.7421652421652422 0.05 0.10541310541310542
19 0.5875 0.7136752136752137 0.0484375 0.07692307692307693
19 0.5171875 0.6680911680911681 0.0359375 0.06552706552706553
16 0.590625 0.6538461538461539 0.009375 0.039886039886039885
16 0.5578125 0.6424501424501424 0.0078125 0.03418803418803419
2 0.578125 0.6339031339031339 0.0078125 0.03133903133903134
19 0.484375 0.6054131054131054 0.0421875 0.04843304843304843
19 0.54375 0.6082621082621082 0.0453125 0.04843304843304843
23 0.609375 0.5911680911680912 0.059375 0.04843304843304843
4 0.0875 0.8660968660968661 0.1140625 0.17094017094017094
2 0.059375 0.7720797720797721 0.025 0.039886039886039885
19 0.3078125 0.6282051282051282 0.0453125 0.05413105413105413
19 0.365625 0.613960113960114 0.046875 0.04843304843304843
2 0.340625 0.6054131054131054 0.0140625 0.03133903133903134
10 0.29375 0.5284900284900285 0.015625 0.03133903133903134
8 0.55 0.5826210826210826 0.0578125 0.042735042735042736
21 0.521875 0.5598290598290598 0.040625 0.04843304843304843
19 0.56875 0.5626780626780626 0.0453125 0.03133903133903134
23 0.4484375 0.5626780626780626 0.053125 0.045584045584045586
19 0.4453125 0.5256410256410257 0.015625 0.02849002849002849
19 0.4296875 0.5284900284900285 0.0140625 0.022792022792022793