2 0.3328125 0.48986486486486486 0.040625 0.10472972972972973
10 0.240625 0.44932432432432434 0.06875 0.17567567567567569
10 0.178125 0.6773648648648649 0.09375 0.2533783783783784
16 0.359375 0.9087837837837838 0.0484375 0.1554054054054054
2 0.209375 0.9121621621621622 0.0453125 0.11824324324324324
2 0.27890625 0.9172297297297297 0.0515625 0.14527027027027026
19 0.09375 0.910472972972973 0.165625 0.15878378378378377
19 0.20625 0.27533783783783783 0.06875 0.12162162162162163
2 0.346875 0.1875 0.01875 0.060810810810810814
23 0.3 0.10135135135135136 0.0375 0.08108108108108109
2 0.34375 0.0777027027027027 0.015625 0.04054054054054054
10 0.4125 0.11148648648648649 0.021875 0.07094594594594594
5 0.390625 0.07094594594594594 0.015625 0.06756756756756757
10 0.3765625 0.05405405405405406 0.0140625 0.057432432432432436
10 0.3734375 0.011824324324324325 0.01875 0.02364864864864865
19 0.509375 0.23479729729729729 0.04375 0.10810810810810811