19 0.43125 0.6157635467980296 0.0546875 0.08620689655172414
2 0.65625 0.5394088669950738 0.0171875 0.03694581280788178
3 0.4640625 0.4605911330049261 0.040625 0.08374384236453201
5 0.1015625 0.6613300492610837 0.0703125 0.07635467980295567
3 0.59375 0.47783251231527096 0.0328125 0.04926108374384237
10 0.5375 0.4187192118226601 0.0140625 0.027093596059113302
11 0.6 0.3842364532019704 0.0265625 0.04433497536945813
11 0.540625 0.37561576354679804 0.015625 0.019704433497536946
11 0.3296875 0.43596059113300495 0.0515625 0.05665024630541872
11 0.3703125 0.4039408866995074 0.034375 0.04433497536945813
11 0.4015625 0.3842364532019704 0.0265625 0.04187192118226601
2 0.40625 0.43103448275862066 0.00625 0.014778325123152709
5 0.4296875 0.3866995073891626 0.0078125 0.017241379310344827
11 0.4734375 0.3731527093596059 0.015625 0.027093596059113302
14 0.7890625 0.5640394088669951 0.0421875 0.054187192118226604
14 0.3296875 0.4802955665024631 0.0234375 0.029556650246305417