19 0.2046875 0.9464788732394366 0.090625 0.09859154929577464
23 0.3171875 0.9380281690140845 0.071875 0.11267605633802817
19 0.4171875 0.971830985915493 0.065625 0.04507042253521127
19 0.5546875 0.8901408450704226 0.071875 0.10422535211267606
12 0.228125 0.8394366197183099 0.0640625 0.12394366197183099
2 0.49375 0.9295774647887324 0.0234375 0.07323943661971831
2 0.1609375 0.9126760563380282 0.0265625 0.0647887323943662
3 0.3125 0.8422535211267606 0.059375 0.1295774647887324
19 0.6046875 0.8394366197183099 0.0640625 0.09014084507042254
19 0.1546875 0.780281690140845 0.103125 0.0676056338028169
19 0.3953125 0.9126760563380282 0.0765625 0.11267605633802817
2 0.4421875 0.8929577464788733 0.0265625 0.05352112676056338
19 0.4703125 0.8309859154929577 0.05625 0.09014084507042254
19 0.578125 0.7887323943661971 0.0453125 0.07042253521126761
21 0.5015625 0.7746478873239436 0.0515625 0.09859154929577464
12 0.334375 0.7661971830985915 0.0453125 0.10704225352112676
10 0.2625 0.7746478873239436 0.0328125 0.08450704225352113
10 0.4078125 0.8309859154929577 0.0390625 0.08732394366197183
23 0.390625 0.7943661971830986 0.0515625 0.10140845070422536
19 0.45 0.780281690140845 0.0515625 0.059154929577464786
17 0.315625 0.7 0.0515625 0.1295774647887324
19 0.475 0.7309859154929578 0.0296875 0.05070422535211268
17 0.48125 0.6408450704225352 0.065625 0.09577464788732394
17 0.34375 0.6183098591549295 0.0484375 0.0676056338028169
17 0.4375 0.6154929577464788 0.025 0.0676056338028169
17 0.4109375 0.5845070422535211 0.025 0.056338028169014086
19 0.415625 0.6887323943661972 0.034375 0.03380281690140845