10 0.31354166666666666 0.6265625 0.28541666666666665 0.259375
19 0.865625 0.65625 0.25 0.2546875
19 0.7177083333333333 0.6 0.36875 0.1609375
19 0.5229166666666667 0.575 0.19791666666666666 0.11875
10 0.035416666666666666 0.653125 0.07083333333333333 0.303125
19 0.12291666666666666 0.5765625 0.12708333333333333 0.121875
19 0.16145833333333334 0.60625 0.10833333333333334 0.1609375
17 0.6 0.465625 0.14583333333333334 0.0890625
17 0.3770833333333333 0.4640625 0.26666666666666666 0.075
17 0.13229166666666667 0.4765625 0.12916666666666668 0.04375
17 0.228125 0.4765625 0.06875 0.0453125
17 0.18645833333333334 0.4546875 0.0875 0.0484375
8 0.7135416666666666 0.5140625 0.19583333333333333 0.05625