19 0.19375 0.5359375 0.3875 0.2375
16 0.4479166666666667 0.4203125 0.09583333333333334 0.0515625
5 0.12291666666666666 0.38125 0.11666666666666667 0.0453125
5 0.2520833333333333 0.3890625 0.06041666666666667 0.04375
19 0.71875 0.4390625 0.18125 0.10625
2 0.6020833333333333 0.503125 0.12083333333333333 0.228125
17 0.3416666666666667 0.3390625 0.19166666666666668 0.05
17 0.7729166666666667 0.3625 0.15 0.096875
19 0.6479166666666667 0.371875 0.11666666666666667 0.0328125
17 0.51875 0.35625 0.0875 0.0375
17 0.05625 0.3484375 0.058333333333333334 0.021875