16 0.7555555555555555 0.484375 0.08333333333333333 0.103125
5 0.37222222222222223 0.4578125 0.08333333333333333 0.0796875
5 0.24722222222222223 0.4640625 0.09166666666666666 0.090625
17 0.675 0.415625 0.1527777777777778 0.0421875
5 0.48055555555555557 0.4234375 0.03333333333333333 0.028125
16 0.025 0.4578125 0.030555555555555555 0.0390625
5 0.1527777777777778 0.421875 0.027777777777777776 0.0171875
19 0.12222222222222222 0.4265625 0.030555555555555555 0.0140625
19 0.45555555555555555 0.4265625 0.011111111111111112 0.015625
5 0.4305555555555556 0.421875 0.019444444444444445 0.0234375
17 0.2111111111111111 0.40625 0.04722222222222222 0.0203125
17 0.15555555555555556 0.4015625 0.025 0.0109375
5 0.12222222222222222 0.4140625 0.016666666666666666 0.0078125
5 0.08888888888888889 0.453125 0.03888888888888889 0.0265625
2 0.19444444444444445 0.425 0.011111111111111112 0.01875
16 0.175 0.4484375 0.05555555555555555 0.0328125
5 0.7416666666666667 0.44375 0.07777777777777778 0.0578125
10 0.8888888888888888 0.43125 0.044444444444444446 0.01875
5 0.7972222222222223 0.425 0.03333333333333333 0.015625
5 0.5833333333333334 0.41875 0.022222222222222223 0.015625
5 0.5194444444444445 0.4203125 0.022222222222222223 0.0125