5 0.2916666666666667 0.475 0.08611111111111111 0.0875
5 0.5611111111111111 0.4875 0.1111111111111111 0.1015625
16 0.4388888888888889 0.4609375 0.030555555555555555 0.0578125
5 0.41388888888888886 0.440625 0.025 0.034375
5 0.3194444444444444 0.44375 0.03888888888888889 0.0421875
5 0.23333333333333334 0.434375 0.027777777777777776 0.0296875
5 0.26944444444444443 0.4328125 0.03611111111111111 0.025
5 0.12777777777777777 0.4296875 0.027777777777777776 0.015625
5 0.4638888888888889 0.434375 0.022222222222222223 0.021875
12 0.15833333333333333 0.4171875 0.016666666666666666 0.0078125
10 0.9277777777777778 0.4546875 0.04722222222222222 0.0234375
5 0.8722222222222222 0.453125 0.044444444444444446 0.0375
16 0.05277777777777778 0.4671875 0.05277777777777778 0.040625
19 0.6277777777777778 0.44375 0.06666666666666667 0.01875