5 0.9625 0.5557103064066853 0.0703125 0.5041782729805014
5 0.65 0.39415041782729804 0.09375 0.2646239554317549
5 0.5671875 0.3384401114206128 0.0484375 0.14206128133704735
5 0.5265625 0.30779944289693595 0.0296875 0.08356545961002786
5 0.490625 0.3161559888579387 0.0328125 0.09192200557103064
5 0.759375 0.2994428969359331 0.046875 0.0807799442896936
19 0.81875 0.36908077994428967 0.21875 0.14484679665738162
12 0.7109375 0.3022284122562674 0.0453125 0.07520891364902507
10 0.5453125 0.2994428969359331 0.0203125 0.055710306406685235
17 0.4953125 0.266016713091922 0.0390625 0.06963788300835655
22 0.4046875 0.31337047353760444 0.103125 0.18662952646239556
22 0.43125 0.25487465181058494 0.0828125 0.09749303621169916
5 0.459375 0.33008356545961004 0.0140625 0.12256267409470752
17 0.75 0.21727019498607242 0.1234375 0.0947075208913649
5 0.3046875 0.31337047353760444 0.04375 0.10306406685236769