8 0.778125 0.4637883008356546 0.165625 0.14763231197771587
5 0.3265625 0.4331476323119777 0.0453125 0.0807799442896936
5 0.5171875 0.44707520891364905 0.0421875 0.09749303621169916
22 0.3875 0.39136490250696376 0.009375 0.013927576601671309
22 0.4109375 0.39136490250696376 0.0140625 0.022284122562674095
22 0.4390625 0.38857938718662954 0.0203125 0.019498607242339833
22 0.4515625 0.39136490250696376 0.0109375 0.019498607242339833
22 0.4765625 0.40807799442896936 0.0375 0.07799442896935933
12 0.5171875 0.43036211699164345 0.0484375 0.08913649025069638
8 0.5453125 0.42479108635097496 0.015625 0.06406685236768803
5 0.4625 0.42479108635097496 0.0203125 0.06128133704735376
5 0.4015625 0.4136490250696379 0.015625 0.019498607242339833
5 0.428125 0.4136490250696379 0.015625 0.022284122562674095
2 0.446875 0.435933147632312 0.0140625 0.0584958217270195
5 0.6625 0.41086350974930363 0.0171875 0.027855153203342618
5 0.6890625 0.41643454038997213 0.0171875 0.03899721448467967
5 0.5921875 0.4052924791086351 0.015625 0.022284122562674095