17 0.80625 0.4136490250696379 0.3828125 0.6100278551532033
5 0.3375 0.4582172701949861 0.04375 0.09749303621169916
5 0.44375 0.4582172701949861 0.0265625 0.08635097493036212
22 0.4578125 0.4136490250696379 0.01875 0.022284122562674095
22 0.4265625 0.41086350974930363 0.0109375 0.019498607242339833
8 0.4984375 0.4331476323119777 0.0203125 0.04178272980501393
19 0.546875 0.435933147632312 0.025 0.03064066852367688
22 0.5515625 0.40807799442896936 0.040625 0.022284122562674095
8 0.5671875 0.435933147632312 0.021875 0.03064066852367688
8 0.609375 0.4275766016713092 0.025 0.022284122562674095
5 0.5203125 0.44428969359331477 0.034375 0.06128133704735376
22 0.40625 0.41086350974930363 0.0109375 0.013927576601671309
12 0.478125 0.4220055710306407 0.01875 0.022284122562674095
14 0.490625 0.4805013927576602 0.034375 0.05013927576601671
5 0.459375 0.4415041782729805 0.0140625 0.04456824512534819