17 0.6 0.4220055710306407 0.13125 0.19220055710306408
2 0.7671875 0.5 0.0453125 0.11977715877437325
5 0.465625 0.4777158774373259 0.0375 0.11977715877437325
5 0.4328125 0.4331476323119777 0.0171875 0.027855153203342618
5 0.48125 0.44707520891364905 0.0125 0.06128133704735376
8 0.7171875 0.44707520891364905 0.0625 0.05013927576601671
19 0.5046875 0.46935933147632314 0.028125 0.03899721448467967
5 0.53125 0.4387186629526462 0.0125 0.05013927576601671
22 0.440625 0.40807799442896936 0.0109375 0.019498607242339833
22 0.45 0.41086350974930363 0.0109375 0.013927576601671309
22 0.465625 0.41086350974930363 0.0203125 0.016713091922005572
5 0.96875 0.49164345403899723 0.0515625 0.0947075208913649
5 0.3609375 0.4554317548746518 0.0484375 0.09749303621169916
22 0.41875 0.40807799442896936 0.0109375 0.011142061281337047