5 0.621875 0.5974930362116991 0.121875 0.3732590529247911
22 0.7625 0.4192200557103064 0.28125 0.29526462395543174
17 0.5078125 0.4192200557103064 0.0578125 0.10027855153203342
5 0.98125 0.4805013927576602 0.0328125 0.0947075208913649
5 0.3484375 0.4610027855153203 0.0453125 0.09749303621169916
5 0.471875 0.47493036211699163 0.0390625 0.11420612813370473
5 0.4578125 0.4554317548746518 0.0265625 0.0807799442896936
7 0.525 0.45264623955431754 0.0203125 0.06128133704735376
2 0.54375 0.4387186629526462 0.0140625 0.04456824512534819
22 0.4171875 0.41086350974930363 0.0109375 0.013927576601671309
22 0.4390625 0.4136490250696379 0.0125 0.019498607242339833
22 0.425 0.4136490250696379 0.009375 0.013927576601671309
5 0.565625 0.4331476323119777 0.0125 0.027855153203342618
5 0.584375 0.4275766016713092 0.0140625 0.025069637883008356
5 0.4203125 0.435933147632312 0.0203125 0.027855153203342618
12 0.4046875 0.4136490250696379 0.0125 0.008356545961002786