5 0.3 0.5250696378830083 0.078125 0.19498607242339833
5 0.571875 0.5557103064066853 0.1671875 0.22284122562674094
19 0.38125 0.5139275766016713 0.084375 0.12534818941504178
2 0.440625 0.44986072423398327 0.015625 0.04735376044568245
2 0.2015625 0.4832869080779944 0.028125 0.11420612813370473
5 0.9796875 0.5668523676880223 0.0375 0.13649025069637882
5 0.940625 0.5362116991643454 0.034375 0.11420612813370473
14 0.9015625 0.5807799442896936 0.0921875 0.07799442896935933
5 0.8546875 0.5362116991643454 0.0640625 0.1392757660167131
5 0.740625 0.5055710306406686 0.046875 0.0947075208913649
2 0.4125 0.435933147632312 0.0109375 0.03899721448467967
5 0.3734375 0.4415041782729805 0.0265625 0.04456824512534819
5 0.4 0.44428969359331477 0.0171875 0.06128133704735376
5 0.3140625 0.4275766016713092 0.03125 0.027855153203342618
5 0.03203125 0.6908077994428969 0.0640625 0.16991643454038996