8 0.353125 0.5891364902506964 0.221875 0.3955431754874652
19 0.6765625 0.5947075208913649 0.315625 0.33147632311977715
12 0.4828125 0.44986072423398327 0.13125 0.20055710306406685
23 0.765625 0.4832869080779944 0.21875 0.25348189415041783
17 0.909375 0.44707520891364905 0.1765625 0.36768802228412256
8 0.553125 0.3997214484679666 0.0421875 0.09192200557103064
17 0.3953125 0.3467966573816156 0.10625 0.17827298050139276
22 0.31875 0.3245125348189415 0.0546875 0.08913649025069638
10 0.3484375 0.3969359331476323 0.0765625 0.06128133704735376
5 0.284375 0.43036211699164345 0.0609375 0.17270194986072424
17 0.4671875 0.2938718662952646 0.0921875 0.11420612813370473