8 0.19375 0.4554317548746518 0.10625 0.14484679665738162
19 0.4875 0.5222841225626741 0.1296875 0.19498607242339833
19 0.85625 0.7576601671309192 0.284375 0.37047353760445684
5 0.9234375 0.49164345403899723 0.1484375 0.19498607242339833
17 0.825 0.4052924791086351 0.346875 0.18662952646239556
19 0.4890625 0.44986072423398327 0.1375 0.10027855153203342
10 0.3890625 0.47493036211699163 0.0859375 0.181058495821727
5 0.321875 0.45264623955431754 0.06875 0.15877437325905291
5 0.0578125 0.6977715877437326 0.115625 0.5905292479108635
5 0.01484375 0.3816155988857939 0.0296875 0.0807799442896936
5 0.0890625 0.38857938718662954 0.0328125 0.07799442896935933
5 0.25 0.40807799442896936 0.059375 0.10027855153203342
5 0.6046875 0.43036211699164345 0.075 0.10306406685236769
5 0.534375 0.41643454038997213 0.0484375 0.08913649025069638
5 0.475 0.38857938718662954 0.0375 0.03064066852367688
17 0.3296875 0.3467966573816156 0.1265625 0.0584958217270195
22 0.2328125 0.34958217270194986 0.05 0.06128133704735376
17 0.05 0.34401114206128136 0.0640625 0.04456824512534819
22 0.109375 0.34958217270194986 0.053125 0.055710306406685235
22 0.1734375 0.3579387186629526 0.06875 0.07799442896935933
22 0.3984375 0.3579387186629526 0.0140625 0.06128133704735376
2 0.675 0.5612813370473537 0.0859375 0.27298050139275765