10 0.453125 0.5835654596100278 0.1609375 0.33147632311977715
21 0.94375 0.4192200557103064 0.1078125 0.12813370473537605
22 0.23125 0.4331476323119777 0.290625 0.2479108635097493
3 0.13671875 0.6295264623955432 0.2734375 0.7298050139275766
3 0.796875 0.36908077994428967 0.13125 0.12813370473537605
17 0.6140625 0.38579387186629527 0.24375 0.4763231197771588
5 0.43125 0.4025069637883008 0.0453125 0.03899721448467967
22 0.240625 0.2966573816155989 0.0921875 0.033426183844011144
22 0.9625 0.33565459610027853 0.0703125 0.06406685236768803
17 0.390625 0.38857938718662954 0.0765625 0.08913649025069638
5 0.4703125 0.3969359331476323 0.0328125 0.04735376044568245