5 0.69375 0.8716417910447761 0.08125 0.24477611940298508
5 0.7515625 0.6313432835820896 0.05 0.1701492537313433
5 0.7515625 0.8119402985074626 0.0546875 0.21492537313432836
5 0.83125 0.5567164179104478 0.1 0.14626865671641792
5 0.7734375 0.491044776119403 0.0625 0.14328358208955225
5 0.2828125 0.9014925373134328 0.1328125 0.18507462686567164
5 0.175 0.7582089552238805 0.0984375 0.1791044776119403
5 0.4046875 0.6253731343283582 0.0734375 0.1582089552238806
5 0.465625 0.6462686567164179 0.0765625 0.15223880597014924
2 0.6359375 0.5686567164179105 0.0484375 0.08955223880597014
2 0.7 0.5716417910447761 0.0546875 0.14029850746268657
2 0.9265625 0.5358208955223881 0.0515625 0.1044776119402985
5 0.68125 0.5029850746268657 0.046875 0.11940298507462686
2 0.5765625 0.7731343283582089 0.0984375 0.191044776119403
12 0.8828125 0.4164179104477612 0.1421875 0.14328358208955225
19 0.596875 0.7059701492537314 0.184375 0.191044776119403
5 0.440625 0.817910447761194 0.1359375 0.24477611940298508
19 0.303125 0.8208955223880597 0.253125 0.2626865671641791
19 0.4828125 0.4552238805970149 0.13125 0.10746268656716418
19 0.4203125 0.5567164179104478 0.1453125 0.1582089552238806
23 0.3390625 0.5059701492537313 0.1515625 0.1791044776119403
19 0.59375 0.508955223880597 0.14375 0.12238805970149254
8 0.5875 0.4462686567164179 0.153125 0.1373134328358209
23 0.659375 0.38656716417910447 0.1140625 0.1253731343283582
19 0.7578125 0.4223880597014925 0.1359375 0.15223880597014924
23 0.090625 0.5 0.1328125 0.18208955223880596
19 0.1640625 0.4253731343283582 0.0859375 0.08059701492537313
19 0.1609375 0.33880597014925373 0.0609375 0.08358208955223881
19 0.0890625 0.38656716417910447 0.05625 0.08358208955223881
19 0.203125 0.3746268656716418 0.0609375 0.09253731343283582
10 0.290625 0.682089552238806 0.1125 0.21492537313432836
10 0.1828125 0.27611940298507465 0.0359375 0.0626865671641791
10 0.159375 0.2791044776119403 0.0328125 0.07164179104477612
8 0.275 0.31492537313432833 0.04375 0.05373134328358209