10 0.6875 0.30562060889929743 0.1171875 0.2693208430913349
10 0.8 0.11943793911007025 0.1 0.20374707259953162
10 0.91875 0.8548009367681498 0.159375 0.2810304449648712
5 0.7046875 0.8758782201405152 0.165625 0.24121779859484777
5 0.6546875 0.775175644028103 0.146875 0.3372365339578454
12 0.659375 0.6311475409836066 0.1578125 0.13348946135831383
5 0.3140625 0.3524590163934426 0.11875 0.1756440281030445
5 0.3140625 0.43208430913348944 0.11875 0.18969555035128804
5 0.3171875 0.563231850117096 0.128125 0.25526932084309134
5 0.2890625 0.6850117096018735 0.175 0.27634660421545665
5 0.296875 0.7681498829039812 0.1484375 0.25526932084309134
5 0.275 0.8782201405152225 0.16875 0.15690866510538642
5 0.0921875 0.7318501170960188 0.1453125 0.26229508196721313
5 0.1734375 0.5585480093676815 0.1015625 0.24121779859484777
5 0.109375 0.6779859484777517 0.140625 0.3114754098360656
5 0.2625 0.20843091334894615 0.0734375 0.17330210772833723
5 0.328125 0.31733021077283374 0.09375 0.1920374707259953
5 0.2 0.28454332552693207 0.1 0.22950819672131148
5 0.259375 0.19672131147540983 0.0765625 0.17798594847775176
10 0.484375 0.11475409836065574 0.0859375 0.18266978922716628
5 0.5109375 0.15456674473067916 0.0625 0.1405152224824356
5 0.5875 0.4133489461358314 0.09375 0.22482435597189696
5 0.8046875 0.49765807962529274 0.11875 0.22950819672131148
5 0.8234375 0.6264637002341921 0.1375 0.24824355971896955
2 0.90625 0.5585480093676815 0.04375 0.26697892271662765
5 0.459375 0.3618266978922717 0.1015625 0.15690866510538642
5 0.41875 0.2822014051522248 0.0859375 0.1990632318501171
5 0.29375 0.07259953161592506 0.0703125 0.1405152224824356
23 0.64375 0.16627634660421545 0.16875 0.2388758782201405
5 0.4796875 0.8477751756440282 0.1703125 0.25526932084309134
5 0.46875 0.6733021077283372 0.1515625 0.1920374707259953
5 0.478125 0.5796252927400468 0.1375 0.16627634660421545
5 0.771875 0.3594847775175644 0.1125 0.19437939110070257