17 0.703125 0.7919161676646707 0.153125 0.40119760479041916
3 0.94609375 0.8622754491017964 0.1015625 0.25748502994011974
19 0.484375 0.9251497005988024 0.1328125 0.1347305389221557
19 0.3734375 0.907185628742515 0.1171875 0.16766467065868262
19 0.4625 0.7859281437125748 0.121875 0.18263473053892215
19 0.58125 0.8188622754491018 0.109375 0.20658682634730538
12 0.8375 0.7919161676646707 0.10625 0.25449101796407186
12 0.615625 0.6601796407185628 0.0859375 0.17065868263473055
23 0.528125 0.6541916167664671 0.0890625 0.18263473053892215
19 0.8796875 0.7140718562874252 0.0703125 0.12874251497005987
19 0.846875 0.625748502994012 0.0671875 0.09880239520958084
3 0.8828125 0.5479041916167665 0.0765625 0.15269461077844312
19 0.565625 0.5958083832335329 0.0578125 0.10778443113772455
19 0.7421875 0.5868263473053892 0.05625 0.03293413173652695
19 0.815625 0.5718562874251497 0.0546875 0.10179640718562874
19 0.58125 0.5389221556886228 0.0515625 0.08682634730538923
19 0.6453125 0.5718562874251497 0.05625 0.05688622754491018
19 0.7390625 0.5449101796407185 0.05625 0.06287425149700598
19 0.765625 0.5209580838323353 0.0640625 0.09580838323353294
19 0.675 0.5359281437125748 0.05625 0.0748502994011976
19 0.6328125 0.5059880239520959 0.05 0.08083832335329341
19 0.59375 0.47305389221556887 0.046875 0.06287425149700598
19 0.6921875 0.48502994011976047 0.0515625 0.05089820359281437
19 0.65625 0.44610778443113774 0.053125 0.05089820359281437
19 0.625 0.4221556886227545 0.0421875 0.06287425149700598
19 0.70625 0.45209580838323354 0.0421875 0.04790419161676647
10 0.6609375 0.40718562874251496 0.0265625 0.038922155688622756
19 0.75625 0.46407185628742514 0.05 0.05089820359281437
19 0.8171875 0.48502994011976047 0.046875 0.08982035928143713
19 0.6359375 0.37574850299401197 0.03125 0.03592814371257485
3 0.73125 0.4161676646706587 0.053125 0.0658682634730539
21 0.7859375 0.4311377245508982 0.034375 0.08383233532934131
19 0.6765625 0.3727544910179641 0.028125 0.05089820359281437
19 0.7 0.38323353293413176 0.0265625 0.05688622754491018
17 0.78125 0.25898203592814373 0.096875 0.04790419161676647
3 0.703125 0.3068862275449102 0.0234375 0.03592814371257485
19 0.8046875 0.30389221556886226 0.028125 0.02694610778443114
3 0.66875 0.3008982035928144 0.021875 0.038922155688622756
17 0.6734375 0.25898203592814373 0.040625 0.041916167664670656
19 0.19375 0.7859281437125748 0.1109375 0.16167664670658682
17 0.1265625 0.6077844311377245 0.1875 0.27245508982035926
19 0.2453125 0.6631736526946108 0.071875 0.1377245508982036
19 0.35625 0.6721556886227545 0.071875 0.10778443113772455
19 0.4 0.6017964071856288 0.0875 0.09580838323353294
19 0.2390625 0.5538922155688623 0.0515625 0.08682634730538923
19 0.3484375 0.5778443113772455 0.0359375 0.08083832335329341
19 0.371875 0.5239520958083832 0.059375 0.07784431137724551
19 0.359375 0.47005988023952094 0.0671875 0.07784431137724551
17 0.5375 0.27994011976047906 0.053125 0.04790419161676647
10 0.2390625 0.4880239520958084 0.0421875 0.0688622754491018
10 0.2640625 0.46407185628742514 0.034375 0.0658682634730539
5 0.29375 0.40119760479041916 0.01875 0.02694610778443114
5 0.203125 0.46407185628742514 0.0265625 0.029940119760479042