5 0.27802197802197803 0.8984375 0.23076923076923078 0.1953125
10 0.14065934065934066 0.7578125 0.23956043956043957 0.2296875
5 0.532967032967033 0.7703125 0.1912087912087912 0.140625
2 0.07692307692307693 0.64375 0.15384615384615385 0.128125
2 0.7395604395604396 0.9 0.14945054945054945 0.190625
2 0.9208791208791208 0.825 0.12967032967032968 0.1984375
2 0.3769230769230769 0.5890625 0.07692307692307693 0.1140625
2 0.46263736263736266 0.6109375 0.08351648351648351 0.11875
2 0.5527472527472528 0.5390625 0.07692307692307693 0.090625
2 0.45384615384615384 0.51875 0.06593406593406594 0.075
2 0.4010989010989011 0.4625 0.04835164835164835 0.065625
2 0.35934065934065934 0.3890625 0.06153846153846154 0.078125
2 0.48021978021978023 0.228125 0.024175824175824177 0.034375
2 0.46483516483516485 0.2140625 0.02857142857142857 0.03125
2 0.42967032967032964 0.259375 0.03736263736263736 0.0375
2 0.38571428571428573 0.2765625 0.02857142857142857 0.034375
2 0.6538461538461539 0.2609375 0.03076923076923077 0.04375
2 0.510989010989011 0.1765625 0.024175824175824177 0.0171875
2 0.5989010989010989 0.1796875 0.02197802197802198 0.021875
2 0.5879120879120879 0.109375 0.013186813186813187 0.0078125
2 0.5835164835164836 0.1546875 0.01098901098901099 0.01875
2 0.47802197802197804 0.1375 0.013186813186813187 0.0171875
14 0.7 0.6890625 0.17362637362637362 0.215625
19 0.8637362637362638 0.58125 0.26593406593406593 0.2109375
19 0.23296703296703297 0.4859375 0.2043956043956044 0.140625
10 0.6626373626373626 0.446875 0.12527472527472527 0.128125
5 0.6868131868131868 0.5546875 0.11208791208791209 0.08125
10 0.5263736263736264 0.4359375 0.11208791208791209 0.1078125
17 0.9340659340659341 0.434375 0.12527472527472527 0.20625
19 0.5087912087912088 0.3734375 0.14505494505494507 0.09375
10 0.6714285714285714 0.3734375 0.11868131868131868 0.1015625
5 0.7241758241758242 0.334375 0.07252747252747253 0.0921875
3 0.8549450549450549 0.3375 0.11868131868131868 0.1140625
19 0.7604395604395604 0.284375 0.11428571428571428 0.053125
5 0.6846153846153846 0.2921875 0.06373626373626373 0.0515625
10 0.6164835164835165 0.3046875 0.08131868131868132 0.0765625
5 0.3879120879120879 0.3390625 0.07252747252747253 0.075
5 0.3131868131868132 0.30625 0.06373626373626373 0.084375
23 0.4758241758241758 0.2875 0.1010989010989011 0.08125
19 0.35934065934065934 0.240625 0.11208791208791209 0.0515625
3 0.5923076923076923 0.253125 0.1054945054945055 0.0671875
5 0.41208791208791207 0.2015625 0.03956043956043956 0.05
5 0.42747252747252745 0.190625 0.02857142857142857 0.04375
5 0.5131868131868131 0.20625 0.03956043956043956 0.05
5 0.48021978021978023 0.1796875 0.026373626373626374 0.021875
5 0.44065934065934065 0.1578125 0.03076923076923077 0.01875
5 0.45604395604395603 0.1421875 0.02197802197802198 0.0140625
17 0.7 0.1890625 0.16703296703296702 0.125
5 0.5593406593406594 0.1640625 0.03076923076923077 0.0234375
5 0.5703296703296703 0.15 0.015384615384615385 0.0078125
19 0.6164835164835165 0.1578125 0.02857142857142857 0.0296875
19 0.6032967032967033 0.140625 0.035164835164835165 0.021875
5 0.6142857142857143 0.1234375 0.01978021978021978 0.0171875
10 0.5703296703296703 0.1265625 0.026373626373626374 0.01875
19 0.5945054945054945 0.121875 0.02197802197802198 0.01875
17 0.5175824175824176 0.125 0.05274725274725275 0.053125
19 0.510989010989011 0.1703125 0.04395604395604396 0.028125
19 0.5263736263736264 0.1546875 0.041758241758241756 0.0265625
5 0.4032967032967033 0.146875 0.017582417582417582 0.009375
5 0.4582417582417582 0.13125 0.01978021978021978 0.009375
5 0.46263736263736266 0.1171875 0.017582417582417582 0.0140625
5 0.489010989010989 0.1171875 0.015384615384615385 0.0140625
5 0.47802197802197804 0.1125 0.013186813186813187 0.009375
5 0.46703296703296704 0.1046875 0.013186813186813187 0.0078125
5 0.45384615384615384 0.1078125 0.015384615384615385 0.009375
21 0.44505494505494503 0.103125 0.024175824175824177 0.015625
5 0.4230769230769231 0.1171875 0.015384615384615385 0.009375
5 0.42527472527472526 0.0984375 0.015384615384615385 0.0109375
5 0.4186813186813187 0.109375 0.013186813186813187 0.00625
5 0.45384615384615384 0.090625 0.01098901098901099 0.00625
5 0.43846153846153846 0.0890625 0.013186813186813187 0.009375
19 0.5659340659340659 0.1140625 0.026373626373626374 0.009375
19 0.5659340659340659 0.10625 0.026373626373626374 0.00625
19 0.5901098901098901 0.103125 0.02197802197802198 0.0140625
19 0.5505494505494506 0.1234375 0.01098901098901099 0.0203125
19 0.5813186813186814 0.096875 0.01978021978021978 0.0078125
19 0.5703296703296703 0.0921875 0.015384615384615385 0.009375
17 0.5065934065934066 0.09375 0.041758241758241756 0.01875
3 0.5395604395604395 0.0984375 0.024175824175824177 0.0234375
17 0.5483516483516484 0.090625 0.03076923076923077 0.021875
17 0.5373626373626373 0.078125 0.035164835164835165 0.009375
17 0.5131868131868131 0.0765625 0.02857142857142857 0.0109375
17 0.4912087912087912 0.071875 0.02197802197802198 0.0125
17 0.48021978021978023 0.0640625 0.02197802197802198 0.009375
17 0.5 0.0609375 0.015384615384615385 0.0078125
17 0.5637362637362637 0.078125 0.017582417582417582 0.0125
16 0.12307692307692308 0.4359375 0.05934065934065934 0.0578125
16 0.07252747252747253 0.5 0.06373626373626373 0.06875
16 0.15824175824175823 0.3984375 0.046153846153846156 0.059375