17 0.42393026941362916 0.49375 0.1774960380348653 0.1359375
17 0.46038034865293187 0.375 0.12361331220285261 0.0359375
17 0.5142630744849446 0.2671875 0.11410459587955626 0.053125
17 0.6204437400950872 0.4640625 0.13312202852614896 0.0765625
17 0.22820919175911253 0.75 0.23613312202852615 0.103125
17 0.5855784469096672 0.6484375 0.22503961965134706 0.06875
17 0.46671949286846276 0.8609375 0.06814580031695722 0.265625
17 0.2202852614896989 0.8984375 0.4120443740095087 0.2
2 0.29556259904912835 0.5125 0.04595879556259905 0.046875
2 0.3256735340729002 0.565625 0.022187004754358162 0.075
17 0.6838351822503962 0.8984375 0.3787638668779715 0.190625
2 0.5824088748019017 0.5609375 0.05071315372424723 0.084375
17 0.6568938193343898 0.3671875 0.12678288431061807 0.034375
17 0.5950871632329635 0.3234375 0.13787638668779714 0.0328125
17 0.5618066561014263 0.3546875 0.04595879556259905 0.084375
17 0.8098256735340729 0.259375 0.08716323296354993 0.046875
17 0.8050713153724247 0.3234375 0.10776545166402536 0.065625
19 0.803486529318542 0.671875 0.1473851030110935 0.053125
3 0.401743264659271 0.64375 0.0919175911251981 0.1265625
21 0.7028526148969889 0.5296875 0.07131537242472266 0.0375
23 0.7107765451664025 0.590625 0.12044374009508717 0.046875
19 0.7749603803486529 0.5890625 0.10618066561014262 0.08125
19 0.8415213946117274 0.55 0.11410459587955626 0.0765625
19 0.838351822503962 0.740625 0.11727416798732171 0.0765625
19 0.8922345483359746 0.8421875 0.11727416798732171 0.1234375
19 0.9413629160063391 0.95625 0.10776545166402536 0.08125
19 0.7622820919175911 0.403125 0.05229793977812995 0.0515625
19 0.24722662440570523 0.45625 0.06814580031695722 0.0640625
16 0.03328050713153724 0.534375 0.03328050713153724 0.0328125
23 0.9698890649762282 0.7765625 0.05388272583201268 0.1921875
8 0.9492868462757528 0.621875 0.09350237717908082 0.128125
23 0.9540412044374009 0.528125 0.08716323296354993 0.0609375
8 0.8256735340729001 0.4921875 0.09984152139461172 0.0640625
19 0.757527733755943 0.48125 0.030110935023771792 0.0703125
23 0.9635499207606973 0.4640625 0.06814580031695722 0.0609375
23 0.9540412044374009 0.44375 0.08557844690966719 0.0921875
23 0.9064976228209192 0.3609375 0.06497622820919176 0.0625
19 0.7266244057052298 0.3515625 0.05229793977812995 0.046875
17 0.96513470681458 0.3546875 0.03328050713153724 0.0859375
3 0.7123613312202852 0.315625 0.05071315372424723 0.0328125
17 0.9001584786053882 0.253125 0.07923930269413629 0.0328125
23 0.9112519809825673 0.284375 0.0554675118858954 0.0265625
19 0.9286846275752774 0.309375 0.04120443740095087 0.021875
3 0.96513470681458 0.296875 0.03328050713153724 0.0359375
17 0.6030110935023771 0.190625 0.05071315372424723 0.03125
17 0.5681458003169572 0.240625 0.060221870047543584 0.0296875
17 0.6045958795562599 0.234375 0.07448494453248812 0.046875
17 0.6711568938193344 0.240625 0.06497622820919176 0.053125
17 0.6347068145800316 0.2953125 0.098256735340729 0.05
17 0.7971473851030111 0.2046875 0.04595879556259905 0.0140625
3 0.786053882725832 0.221875 0.03645007923930269 0.0203125
8 0.9461172741679873 0.2140625 0.05229793977812995 0.0296875
23 0.7297939778129953 0.1828125 0.01901743264659271 0.01875
3 0.9825673534072901 0.2109375 0.028526148969889066 0.0421875
17 0.919175911251981 0.1921875 0.03328050713153724 0.021875
17 0.8874801901743264 0.1890625 0.028526148969889066 0.03125
17 0.6885895404120443 0.16875 0.028526148969889066 0.01875
17 0.6695721077654516 0.1953125 0.030110935023771792 0.03125
19 0.7202852614896988 0.1953125 0.017432646592709985 0.0140625
8 0.7266244057052298 0.2328125 0.03486529318541997 0.0125
17 0.6394611727416799 0.196875 0.030110935023771792 0.0296875
17 0.633122028526149 0.1765625 0.030110935023771792 0.0125