19 0.26875 0.927400468384075 0.134375 0.13817330210772832
17 0.2453125 0.7482435597189696 0.1359375 0.21311475409836064
17 0.103125 0.7388758782201406 0.1515625 0.2505854800936768
17 0.02578125 0.8173302107728337 0.0515625 0.22482435597189696
17 0.2 0.5351288056206089 0.0796875 0.09133489461358314
17 0.1828125 0.607728337236534 0.0953125 0.053864168618266976
17 0.2921875 0.6522248243559718 0.121875 0.18032786885245902
23 0.4390625 0.8782201405152225 0.1140625 0.18266978922716628
23 0.40625 0.7177985948477752 0.09375 0.0702576112412178
19 0.5734375 0.8946135831381733 0.1203125 0.1405152224824356
19 0.5421875 0.8243559718969555 0.0859375 0.12646370023419204
19 0.525 0.7704918032786885 0.078125 0.09836065573770492
23 0.4015625 0.7540983606557377 0.071875 0.08899297423887588
19 0.775 0.7728337236533958 0.0875 0.08430913348946135
19 0.91875 0.9355971896955504 0.15 0.11943793911007025
19 0.8765625 0.7365339578454333 0.096875 0.07728337236533958
19 0.9359375 0.7728337236533958 0.0953125 0.07259953161592506
19 0.975 0.8571428571428571 0.0453125 0.15690866510538642
19 0.8265625 0.6662763466042154 0.046875 0.07259953161592506
17 0.9546875 0.5562060889929742 0.0859375 0.12646370023419204
17 0.8640625 0.5210772833723654 0.0984375 0.10772833723653395
17 0.7890625 0.4531615925058548 0.103125 0.1053864168618267
17 0.63125 0.43911007025761123 0.096875 0.0936768149882904
19 0.5015625 0.6709601873536299 0.06875 0.04449648711943794
17 0.346875 0.43911007025761123 0.059375 0.05152224824355972
3 0.5734375 0.4672131147540984 0.075 0.13348946135831383
3 0.6890625 0.5491803278688525 0.0703125 0.09601873536299765
12 0.7546875 0.5070257611241218 0.0578125 0.06557377049180328
23 0.309375 0.5210772833723654 0.0515625 0.0468384074941452
19 0.390625 0.5491803278688525 0.0484375 0.05152224824355972
17 0.259375 0.39227166276346603 0.0515625 0.06323185011709602
17 0.240625 0.5070257611241218 0.0671875 0.14285714285714285
17 0.39375 0.4133489461358314 0.0609375 0.06323185011709602
8 0.475 0.6007025761124122 0.0625 0.08196721311475409
19 0.49375 0.6358313817330211 0.0609375 0.0585480093676815
19 0.44375 0.5374707259953162 0.0453125 0.05620608899297424
19 0.3625 0.3594847775175644 0.01875 0.0234192037470726
19 0.384375 0.35714285714285715 0.01875 0.0234192037470726
17 0.334375 0.40866510538641687 0.0515625 0.05152224824355972
17 0.30625 0.4718969555035129 0.065625 0.06323185011709602
19 0.403125 0.6147540983606558 0.053125 0.0234192037470726
19 0.4078125 0.6405152224824356 0.0703125 0.02810304449648712
19 0.4 0.6662763466042154 0.071875 0.0351288056206089
19 0.9765625 0.8149882903981265 0.04375 0.07728337236533958
3 0.9015625 0.6662763466042154 0.109375 0.15690866510538642
17 0.74375 0.38992974238875877 0.0828125 0.053864168618266976
19 0.59375 0.5515222482435597 0.0453125 0.04215456674473068
19 0.7609375 0.5913348946135831 0.0515625 0.0234192037470726
23 0.7484375 0.5515222482435597 0.0328125 0.05620608899297424
17 0.665625 0.4344262295081967 0.0390625 0.06557377049180328
3 0.521875 0.446135831381733 0.0328125 0.06323185011709602
17 0.4734375 0.35011709601873536 0.028125 0.03278688524590164
19 0.525 0.40866510538641687 0.025 0.02107728337236534
19 0.5 0.39695550351288056 0.01875 0.0234192037470726
17 0.3125 0.3665105386416862 0.0375 0.01873536299765808
17 0.2953125 0.41100702576112413 0.015625 0.03981264637002342
17 0.5578125 0.3805620608899297 0.0296875 0.03981264637002342
17 0.525 0.3548009367681499 0.0296875 0.0468384074941452