22 0.625 0.6631455399061033 0.1953125 0.38497652582159625
17 0.7140625 0.47417840375586856 0.1578125 0.24882629107981222
3 0.9234375 0.8673708920187794 0.1484375 0.24647887323943662
5 0.90625 0.710093896713615 0.0765625 0.07746478873239436
19 0.1734375 0.8990610328638498 0.1328125 0.1807511737089202
19 0.0734375 0.9154929577464789 0.0734375 0.11502347417840375
19 0.2078125 0.7453051643192489 0.1421875 0.22065727699530516
19 0.2421875 0.6842723004694836 0.109375 0.18309859154929578
19 0.30625 0.5938967136150235 0.08125 0.14788732394366197
19 0.2921875 0.6220657276995305 0.109375 0.10093896713615023
19 0.33125 0.47417840375586856 0.0953125 0.09389671361502347
19 0.434375 0.6654929577464789 0.0875 0.22065727699530516
19 0.421875 0.6960093896713615 0.103125 0.1784037558685446
19 0.3921875 0.8450704225352113 0.11875 0.29577464788732394
19 0.3609375 0.8990610328638498 0.1734375 0.19014084507042253
8 0.71640625 0.926056338028169 0.1953125 0.13380281690140844
17 0.371875 0.3532863849765258 0.0578125 0.24882629107981222
17 0.340625 0.3415492957746479 0.0765625 0.13849765258215962
19 0.509375 0.43896713615023475 0.078125 0.12206572769953052
19 0.5828125 0.40375586854460094 0.0765625 0.107981220657277
19 0.5578125 0.3438967136150235 0.065625 0.07276995305164319
19 0.4546875 0.3086854460093897 0.015625 0.07746478873239436
19 0.415625 0.3274647887323944 0.0265625 0.09859154929577464
8 0.4921875 0.33215962441314556 0.0578125 0.0892018779342723
19 0.4515625 0.23591549295774647 0.03125 0.06338028169014084
17 0.5328125 0.24295774647887325 0.0703125 0.12441314553990611
11 0.615625 0.2711267605633803 0.084375 0.15492957746478872
11 0.7296875 0.318075117370892 0.090625 0.1596244131455399
23 0.8234375 0.3274647887323944 0.05 0.08685446009389672
17 0.5765625 0.16314553990610328 0.05 0.06338028169014084
19 0.4578125 0.18661971830985916 0.03125 0.035211267605633804
17 0.534375 0.11267605633802817 0.0265625 0.03990610328638498
22 0.6140625 0.1443661971830986 0.0390625 0.046948356807511735
19 0.5421875 0.17253521126760563 0.0109375 0.023474178403755867
23 0.46875 0.17253521126760563 0.025 0.051643192488262914
17 0.5578125 0.07042253521126761 0.0171875 0.03755868544600939
19 0.5 0.1443661971830986 0.028125 0.035211267605633804
23 0.5390625 0.15610328638497653 0.0203125 0.04225352112676056
22 0.5765625 0.11502347417840375 0.040625 0.03051643192488263
23 0.5046875 0.10093896713615023 0.0171875 0.02112676056338028
23 0.4859375 0.11971830985915492 0.0203125 0.018779342723004695
19 0.503125 0.07276995305164319 0.0140625 0.018779342723004695
19 0.5203125 0.07511737089201878 0.0125 0.01643192488262911
17 0.53125 0.051643192488262914 0.0140625 0.014084507042253521
23 0.5390625 0.07511737089201878 0.0125 0.018779342723004695
5 0.6546875 0.22417840375586853 0.0234375 0.04929577464788732
19 0.6484375 0.3438967136150235 0.065625 0.011737089201877934
19 0.6203125 0.3720657276995305 0.0171875 0.056338028169014086