5 0.8392018779342723 0.9296875 0.22535211267605634 0.1375
5 0.48826291079812206 0.9296875 0.22300469483568075 0.1359375
5 0.6960093896713615 0.775 0.42018779342723006 0.1796875
5 0.23826291079812206 0.859375 0.3403755868544601 0.234375
5 0.36502347417840375 0.7859375 0.3286384976525822 0.121875
5 0.43427230046948356 0.684375 0.11971830985915492 0.096875
5 0.6795774647887324 0.590625 0.19953051643192488 0.203125
5 0.49295774647887325 0.6 0.25586854460093894 0.2
5 0.789906103286385 0.534375 0.06103286384976526 0.1234375
5 0.6678403755868545 0.4859375 0.11737089201877934 0.0640625
5 0.6913145539906104 0.4625 0.10093896713615023 0.0921875
5 0.7265258215962441 0.4328125 0.11267605633802817 0.1046875
5 0.4624413145539906 0.4734375 0.08685446009389672 0.0546875
5 0.22183098591549297 0.5234375 0.13380281690140844 0.1359375
5 0.11032863849765258 0.565625 0.21830985915492956 0.1609375
5 0.25938967136150237 0.4546875 0.09624413145539906 0.0984375
5 0.0539906103286385 0.4921875 0.107981220657277 0.0953125
5 0.1795774647887324 0.4375 0.09624413145539906 0.096875
5 0.30164319248826293 0.4484375 0.11971830985915492 0.11875
5 0.4084507042253521 0.5 0.09859154929577464 0.16875
5 0.607981220657277 0.428125 0.09389671361502347 0.115625
5 0.4507042253521127 0.4171875 0.08685446009389672 0.065625
5 0.5258215962441315 0.4046875 0.07511737089201878 0.0875
5 0.7476525821596244 0.390625 0.07981220657276995 0.090625
5 0.47417840375586856 0.346875 0.09389671361502347 0.075
5 0.6220657276995305 0.35625 0.09624413145539906 0.096875
5 0.4671361502347418 0.30625 0.06338028169014084 0.028125
5 0.45539906103286387 0.31875 0.07511737089201878 0.090625
5 0.5774647887323944 0.2921875 0.07511737089201878 0.0640625
5 0.6678403755868545 0.3203125 0.08685446009389672 0.090625
5 0.7429577464788732 0.3234375 0.06572769953051644 0.0546875
5 0.7922535211267606 0.346875 0.07042253521126761 0.0640625
5 0.8368544600938967 0.3203125 0.07746478873239436 0.0890625
5 0.8556338028169014 0.2953125 0.07746478873239436 0.0875
5 0.8967136150234741 0.221875 0.06103286384976526 0.0625
5 0.5751173708920188 0.2546875 0.056338028169014086 0.0234375
5 0.6197183098591549 0.25 0.06103286384976526 0.0546875
5 0.6467136150234741 0.24375 0.056338028169014086 0.0625
5 0.75 0.2171875 0.04929577464788732 0.06875
5 0.8720657276995305 0.184375 0.04929577464788732 0.05
5 0.9272300469483568 0.196875 0.04225352112676056 0.053125
5 0.8532863849765259 0.175 0.025821596244131457 0.05
5 0.9014084507042254 0.1625 0.03286384976525822 0.0375
5 0.9295774647887324 0.1546875 0.03051643192488263 0.0125
5 0.9507042253521126 0.1875 0.04225352112676056 0.0515625
5 0.8603286384976526 0.1421875 0.04225352112676056 0.0328125
5 0.9694835680751174 0.1609375 0.03990610328638498 0.0453125
5 0.9788732394366197 0.153125 0.03051643192488263 0.0421875
5 0.9530516431924883 0.109375 0.028169014084507043 0.03125
5 0.9765258215962441 0.103125 0.023474178403755867 0.0265625
5 0.9624413145539906 0.0890625 0.01643192488262911 0.0109375
5 0.9389671361502347 0.0953125 0.02112676056338028 0.0109375
5 0.9788732394366197 0.0859375 0.01643192488262911 0.0109375
3 0.7546948356807511 0.1859375 0.0892018779342723 0.0515625
4 0.9154929577464789 0.11875 0.051643192488262914 0.040625
5 0.8345070422535211 0.571875 0.15492957746478872 0.1953125
8 0.9272300469483568 0.5 0.13145539906103287 0.159375
19 0.931924882629108 0.3984375 0.12441314553990611 0.1
19 0.9530516431924883 0.3328125 0.07981220657276995 0.0375
19 0.9647887323943662 0.2921875 0.05868544600938967 0.0484375
19 0.971830985915493 0.2515625 0.04460093896713615 0.028125
19 0.9859154929577465 0.2078125 0.014084507042253521 0.028125
19 0.9859154929577465 0.23125 0.01643192488262911 0.015625
2 0.568075117370892 0.2390625 0.03755868544600939 0.021875