5 0.03515625 0.8023529411764706 0.0703125 0.17882352941176471
5 0.0171875 0.648235294117647 0.034375 0.10588235294117647
5 0.1125 0.6505882352941177 0.0734375 0.0988235294117647
5 0.2 0.6388235294117647 0.0703125 0.0988235294117647
5 0.24375 0.591764705882353 0.05 0.08235294117647059
5 0.2140625 0.5752941176470588 0.0171875 0.05647058823529412
5 0.703125 0.648235294117647 0.0359375 0.14588235294117646
5 0.75859375 0.9141176470588235 0.0765625 0.1623529411764706
5 0.853125 0.8282352941176471 0.0765625 0.2188235294117647
5 0.7703125 0.7352941176470589 0.0609375 0.13176470588235295
5 0.83125 0.7023529411764706 0.0609375 0.11764705882352941
5 0.7953125 0.6388235294117647 0.040625 0.08941176470588236
5 0.75625 0.6741176470588235 0.05625 0.10823529411764705
16 0.7109375 0.8611764705882353 0.034375 0.16941176470588235
4 0.584375 0.6129411764705882 0.0765625 0.1952941176470588
2 0.4359375 0.5870588235294117 0.034375 0.06352941176470588
19 0.4984375 0.6011764705882353 0.0703125 0.10823529411764705
19 0.44375 0.6905882352941176 0.0671875 0.15764705882352942
3 0.3328125 0.8141176470588235 0.1796875 0.36470588235294116
17 0.59609375 0.888235294117647 0.1890625 0.21411764705882352
17 0.628125 0.7847058823529411 0.134375 0.4211764705882353
19 0.7140625 0.5776470588235294 0.05625 0.09176470588235294
19 0.0171875 0.9458823529411765 0.03125 0.08235294117647059
19 0.221875 0.6952941176470588 0.115625 0.12
5 0.0125 0.5847058823529412 0.025 0.047058823529411764
5 0.0078125 0.5517647058823529 0.015625 0.02823529411764706
5 0.0140625 0.5211764705882352 0.0234375 0.04941176470588235
5 0.0890625 0.5211764705882352 0.025 0.03058823529411765
5 0.1140625 0.5188235294117647 0.021875 0.03294117647058824
5 0.13125 0.5094117647058823 0.0234375 0.03764705882352941
5 0.09375 0.4835294117647059 0.021875 0.021176470588235293
5 0.1578125 0.4835294117647059 0.0234375 0.018823529411764704
5 0.1796875 0.4717647058823529 0.0203125 0.023529411764705882
5 0.2015625 0.46705882352941175 0.0234375 0.03294117647058824
5 0.2234375 0.4505882352941176 0.021875 0.023529411764705882
5 0.125 0.4788235294117647 0.01875 0.023529411764705882
8 0.2015625 0.5070588235294118 0.0921875 0.047058823529411764
21 0.1140625 0.5776470588235294 0.1265625 0.07529411764705882
21 0.19375 0.5447058823529412 0.10625 0.08941176470588236
10 0.3484375 0.4976470588235294 0.0375 0.06352941176470588
21 0.3734375 0.44823529411764707 0.04375 0.04470588235294118
23 0.371875 0.5447058823529412 0.071875 0.0988235294117647
8 0.2421875 0.48823529411764705 0.0484375 0.0611764705882353
19 0.3203125 0.4576470588235294 0.05 0.047058823529411764
5 0.1953125 0.4364705882352941 0.0171875 0.023529411764705882
5 0.21875 0.43176470588235294 0.015625 0.01411764705882353
5 0.2375 0.42470588235294116 0.01875 0.023529411764705882
5 0.2484375 0.4435294117647059 0.0203125 0.023529411764705882
5 0.2890625 0.4364705882352941 0.015625 0.023529411764705882
5 0.271875 0.4294117647058823 0.0109375 0.023529411764705882
5 0.2953125 0.4176470588235294 0.021875 0.02823529411764706
5 0.33125 0.4152941176470588 0.01875 0.03294117647058824
5 0.3484375 0.41058823529411764 0.0125 0.023529411764705882
5 0.321875 0.4082352941176471 0.0171875 0.03764705882352941
5 0.165625 0.46 0.015625 0.023529411764705882
2 0.3125 0.41294117647058826 0.009375 0.02823529411764706
1 0.428125 0.47411764705882353 0.0546875 0.05411764705882353
2 0.4625 0.4388235294117647 0.015625 0.04
5 0.4140625 0.42705882352941177 0.021875 0.03764705882352941
5 0.44375 0.41294117647058826 0.015625 0.03764705882352941
5 0.4734375 0.39647058823529413 0.015625 0.02823529411764706
19 0.3671875 0.4223529411764706 0.0328125 0.018823529411764704
19 0.3953125 0.4152941176470588 0.03125 0.02823529411764706
19 0.421875 0.4011764705882353 0.0265625 0.02823529411764706
19 0.4359375 0.39176470588235296 0.021875 0.02588235294117647
19 0.453125 0.3847058823529412 0.0296875 0.02823529411764706
5 0.3921875 0.38941176470588235 0.0125 0.018823529411764704
5 0.40625 0.3847058823529412 0.0125 0.018823529411764704
3 0.4046875 0.36823529411764705 0.015625 0.018823529411764704
5 0.4265625 0.3729411764705882 0.0109375 0.01411764705882353
5 0.471875 0.3564705882352941 0.0109375 0.01647058823529412
5 0.4890625 0.34941176470588237 0.009375 0.01647058823529412
10 0.49375 0.4223529411764706 0.025 0.03294117647058824
19 0.5125 0.39647058823529413 0.034375 0.02823529411764706
19 0.5015625 0.3611764705882353 0.015625 0.018823529411764704
19 0.5546875 0.4294117647058823 0.0296875 0.042352941176470586
19 0.5625 0.41058823529411764 0.021875 0.02823529411764706
17 0.5953125 0.4717647058823529 0.059375 0.13647058823529412
19 0.634375 0.46941176470588236 0.028125 0.058823529411764705
2 0.671875 0.48823529411764705 0.015625 0.05647058823529412
19 0.6546875 0.4435294117647059 0.028125 0.042352941176470586
19 0.625 0.42470588235294116 0.0234375 0.03294117647058824
19 0.6515625 0.42 0.021875 0.02823529411764706
19 0.6421875 0.41058823529411764 0.025 0.03294117647058824
5 0.7890625 0.58 0.0359375 0.07058823529411765
5 0.7828125 0.5352941176470588 0.0375 0.07764705882352942
16 0.975 0.8611764705882353 0.034375 0.12
16 0.959375 0.8 0.078125 0.08941176470588236
5 0.8578125 0.6129411764705882 0.040625 0.07529411764705882
5 0.846875 0.5776470588235294 0.0375 0.08235294117647059
5 0.90625 0.5823529411764706 0.05 0.08705882352941176
5 0.95625 0.5611764705882353 0.040625 0.08
5 0.9890625 0.5517647058823529 0.0171875 0.07764705882352942
5 0.7609375 0.49529411764705883 0.040625 0.06352941176470588
5 0.7328125 0.46 0.0265625 0.023529411764705882
5 0.803125 0.4764705882352941 0.021875 0.03294117647058824
19 0.8484375 0.5188235294117647 0.109375 0.0611764705882353
4 0.9484375 0.49529411764705883 0.1 0.08941176470588236
5 0.984375 0.45529411764705885 0.021875 0.02588235294117647
10 0.89375 0.4858823529411765 0.015625 0.05176470588235294
10 0.721875 0.5047058823529412 0.05625 0.06588235294117648
5 0.6859375 0.43411764705882355 0.01875 0.03294117647058824
19 0.74375 0.4576470588235294 0.04375 0.042352941176470586
19 0.725 0.43411764705882355 0.028125 0.02823529411764706
19 0.7140625 0.4176470588235294 0.028125 0.02588235294117647
5 0.6890625 0.4152941176470588 0.0140625 0.018823529411764704
5 0.6734375 0.4082352941176471 0.0125 0.03058823529411765
10 0.6453125 0.3847058823529412 0.0125 0.01411764705882353
10 0.63125 0.3870588235294118 0.0125 0.01411764705882353
21 0.6296875 0.36823529411764705 0.015625 0.011764705882352941
17 0.578125 0.3776470588235294 0.025 0.03764705882352941
19 0.63125 0.3447058823529412 0.0109375 0.018823529411764704
21 0.6484375 0.34 0.0125 0.018823529411764704
19 0.615625 0.34941176470588237 0.0078125 0.01647058823529412
17 0.64375 0.3211764705882353 0.0125 0.01411764705882353
17 0.6265625 0.31882352941176473 0.0140625 0.01411764705882353
19 0.6703125 0.3564705882352941 0.015625 0.01647058823529412
19 0.6125 0.38235294117647056 0.0171875 0.018823529411764704
19 0.56875 0.3352941176470588 0.0125 0.01647058823529412
19 0.5515625 0.32823529411764707 0.0125 0.01411764705882353
5 0.3796875 0.39176470588235296 0.0125 0.02588235294117647
19 0.4609375 0.42705882352941177 0.0375 0.03764705882352941