10 0.9359375 0.8964705882352941 0.1203125 0.2
19 0.7109375 0.6317647058823529 0.13125 0.11764705882352941
5 0.425 0.9505882352941176 0.084375 0.09176470588235294
5 0.3234375 0.9152941176470588 0.096875 0.1623529411764706
5 0.2 0.9235294117647059 0.1 0.14352941176470588
5 0.109375 0.8682352941176471 0.109375 0.1976470588235294
5 0.059375 0.7788235294117647 0.11875 0.17176470588235293
5 0.2265625 0.8258823529411765 0.18125 0.2023529411764706
5 0.1625 0.7329411764705882 0.0609375 0.12705882352941175
5 0.05625 0.6317647058823529 0.0671875 0.13411764705882354
5 0.1046875 0.58 0.046875 0.11294117647058824
5 0.5640625 0.5988235294117648 0.0578125 0.1223529411764706
5 0.4359375 0.3564705882352941 0.0234375 0.047058823529411764
21 0.371875 0.6764705882352942 0.11875 0.20470588235294118
21 0.403125 0.6176470588235294 0.078125 0.12941176470588237
21 0.4234375 0.6082352941176471 0.084375 0.14823529411764705
21 0.6140625 0.5 0.0734375 0.1223529411764706
21 0.853125 0.46 0.1015625 0.08941176470588236
3 0.925 0.6270588235294118 0.146875 0.25882352941176473
17 0.6875 0.3941176470588235 0.1078125 0.10588235294117647
5 0.02265625 0.5705882352941176 0.0453125 0.11294117647058824
5 0.078125 0.5305882352941177 0.034375 0.06588235294117648
5 0.1890625 0.7023529411764706 0.0734375 0.18352941176470589
5 0.2609375 0.6152941176470588 0.04375 0.16470588235294117
5 0.16875 0.6105882352941177 0.0515625 0.11529411764705882
5 0.153125 0.6011764705882353 0.05 0.15058823529411763
5 0.190625 0.54 0.040625 0.09647058823529411
5 0.234375 0.5682352941176471 0.034375 0.11058823529411765
5 0.24375 0.5117647058823529 0.0375 0.05176470588235294
5 0.059375 0.5164705882352941 0.0359375 0.08705882352941176
5 0.1515625 0.49529411764705883 0.046875 0.08470588235294117
5 0.1171875 0.47411764705882353 0.034375 0.06588235294117648
5 0.115625 0.42 0.0234375 0.03764705882352941
5 0.1671875 0.4388235294117647 0.034375 0.07764705882352942
5 0.146875 0.42 0.0296875 0.07058823529411765
5 0.2078125 0.46 0.0375 0.08
5 0.2203125 0.4364705882352941 0.028125 0.07529411764705882
5 0.259375 0.48823529411764705 0.0296875 0.05176470588235294
5 0.2625 0.4576470588235294 0.028125 0.023529411764705882
5 0.278125 0.4576470588235294 0.034375 0.07058823529411765
5 0.2796875 0.41294117647058826 0.0234375 0.03294117647058824
5 0.1921875 0.4011764705882353 0.021875 0.05411764705882353
5 0.19375 0.36823529411764705 0.021875 0.01647058823529412
5 0.3015625 0.38941176470588235 0.0265625 0.058823529411764705
5 0.2890625 0.3635294117647059 0.021875 0.05411764705882353
5 0.278125 0.34941176470588237 0.0203125 0.04941176470588235
5 0.31875 0.28352941176470586 0.0125 0.03294117647058824
5 0.2765625 0.3 0.0140625 0.03058823529411765
3 0.253125 0.3164705882352941 0.03125 0.047058823529411764
4 0.309375 0.26705882352941174 0.021875 0.03058823529411765
8 0.3453125 0.5470588235294118 0.0703125 0.06352941176470588
19 0.3484375 0.5164705882352941 0.071875 0.042352941176470586
19 0.340625 0.4835294117647059 0.0625 0.08
19 0.4 0.42 0.046875 0.06588235294117648
19 0.3453125 0.43411764705882355 0.0578125 0.03764705882352941
19 0.3453125 0.4011764705882353 0.04375 0.042352941176470586
19 0.346875 0.37529411764705883 0.0390625 0.03294117647058824
19 0.353125 0.3588235294117647 0.0328125 0.03764705882352941
19 0.3515625 0.3376470588235294 0.0296875 0.021176470588235293
19 0.3515625 0.32588235294117646 0.028125 0.021176470588235293
3 0.3859375 0.32823529411764707 0.0265625 0.04941176470588235
19 0.4015625 0.30941176470588233 0.0125 0.02588235294117647
19 0.3578125 0.31411764705882356 0.0234375 0.01647058823529412
19 0.3578125 0.3023529411764706 0.0203125 0.011764705882352941
19 0.359375 0.29294117647058826 0.0140625 0.004705882352941176
19 0.365625 0.29294117647058826 0.01875 0.018823529411764704
19 0.3890625 0.29058823529411765 0.021875 0.023529411764705882
19 0.3625 0.2811764705882353 0.0171875 0.009411764705882352
19 0.3671875 0.27647058823529413 0.015625 0.011764705882352941
19 0.365625 0.26941176470588235 0.015625 0.011764705882352941
19 0.3671875 0.2647058823529412 0.015625 0.009411764705882352
19 0.3671875 0.2576470588235294 0.0171875 0.01411764705882353
5 0.34375 0.26705882352941174 0.009375 0.02588235294117647
5 0.328125 0.2647058823529412 0.009375 0.023529411764705882
5 0.4125 0.24705882352941178 0.009375 0.023529411764705882
5 0.39375 0.26235294117647057 0.009375 0.023529411764705882
5 0.384375 0.2576470588235294 0.009375 0.018823529411764704
5 0.3546875 0.2447058823529412 0.00625 0.011764705882352941
5 0.4046875 0.2447058823529412 0.00625 0.018823529411764704
21 0.4015625 0.2235294117647059 0.0109375 0.018823529411764704
5 0.35 0.2376470588235294 0.00625 0.01411764705882353
23 0.4203125 0.2188235294117647 0.00625 0.01411764705882353
17 0.43125 0.23058823529411765 0.015625 0.02588235294117647
10 0.4390625 0.24 0.0078125 0.009411764705882352
19 0.4375 0.2576470588235294 0.0125 0.01647058823529412
23 0.3421875 0.22823529411764706 0.0109375 0.01411764705882353
5 0.94375 0.46705882352941175 0.05625 0.06352941176470588
5 0.9796875 0.46 0.034375 0.06352941176470588
5 0.91875 0.43411764705882355 0.021875 0.03294117647058824
5 0.890625 0.43411764705882355 0.034375 0.03529411764705882
19 0.9234375 0.4223529411764706 0.053125 0.03294117647058824
2 0.7953125 0.4364705882352941 0.01875 0.02823529411764706
10 0.8 0.44588235294117645 0.0078125 0.06588235294117648
19 0.7640625 0.43411764705882355 0.04375 0.0611764705882353
19 0.846875 0.40352941176470586 0.05 0.03529411764705882
19 0.809375 0.3847058823529412 0.034375 0.03764705882352941
17 0.7609375 0.38 0.0515625 0.08235294117647059
17 0.734375 0.3447058823529412 0.09375 0.05647058823529412
19 0.6296875 0.39176470588235296 0.0171875 0.03294117647058824
19 0.5921875 0.37058823529411766 0.0390625 0.042352941176470586
19 0.5765625 0.3423529411764706 0.0265625 0.023529411764705882
19 0.6234375 0.2952941176470588 0.0203125 0.023529411764705882
4 0.6046875 0.33294117647058824 0.03125 0.07058823529411765
17 0.54375 0.2952941176470588 0.0515625 0.0611764705882353
5 0.5828125 0.3 0.0125 0.03294117647058824
19 0.64375 0.3235294117647059 0.0296875 0.03294117647058824
17 0.509375 0.27176470588235296 0.0234375 0.03764705882352941
19 0.5296875 0.24941176470588236 0.0125 0.018823529411764704
5 0.4265625 0.29294117647058826 0.0125 0.03294117647058824
5 0.29375 0.2788235294117647 0.021875 0.021176470588235293
19 0.809375 0.5611764705882353 0.0796875 0.10352941176470588
19 0.75 0.4788235294117647 0.078125 0.07058823529411765
2 0.6890625 0.4717647058823529 0.0203125 0.03294117647058824