17 0.5390625 0.30625 0.0765625 0.12916666666666668
17 0.7125 0.34791666666666665 0.06875 0.10208333333333333
10 0.040625 0.7104166666666667 0.0734375 0.125
10 0.4078125 0.45208333333333334 0.0765625 0.0875
23 0.040625 0.8625 0.0765625 0.19583333333333333
8 0.1 0.9333333333333333 0.15 0.11875
8 0.2046875 0.8583333333333333 0.2125 0.07291666666666667
8 0.2421875 0.81875 0.2140625 0.10625
19 0.33125 0.6625 0.209375 0.15416666666666667
19 0.3796875 0.5979166666666667 0.146875 0.09583333333333334
23 0.51875 0.7145833333333333 0.1578125 0.18125
8 0.68125 0.5083333333333333 0.0859375 0.11458333333333333
17 0.503125 0.4875 0.096875 0.13958333333333334
23 0.5984375 0.6458333333333334 0.2078125 0.10208333333333333
23 0.584375 0.7291666666666666 0.0625 0.13541666666666666
23 0.8078125 0.5166666666666667 0.0765625 0.11458333333333333
23 0.8328125 0.48125 0.075 0.07916666666666666
10 0.475 0.375 0.0515625 0.04583333333333333
19 0.0453125 0.4583333333333333 0.0859375 0.058333333333333334
8 0.1578125 0.41875 0.153125 0.09375
19 0.7875 0.425 0.0640625 0.07291666666666667
0 0.8703125 0.41875 0.0625 0.0875
8 0.79375 0.3645833333333333 0.065625 0.06875
10 0.8390625 0.33958333333333335 0.0390625 0.06041666666666667
19 0.8859375 0.3729166666666667 0.0734375 0.05625
23 0.90625 0.32916666666666666 0.0625 0.08125
10 0.9375 0.29791666666666666 0.0265625 0.058333333333333334
19 0.9609375 0.28541666666666665 0.0328125 0.04375
10 0.85 0.30625 0.0296875 0.025
10 0.834375 0.2916666666666667 0.0359375 0.029166666666666667
10 0.8375 0.26875 0.0234375 0.014583333333333334
17 0.71875 0.33125 0.0796875 0.13125
17 0.725 0.25833333333333336 0.0515625 0.016666666666666666
17 0.740625 0.24375 0.06875 0.03125
3 0.8875 0.2833333333333333 0.0515625 0.04375
23 0.9234375 0.25 0.03125 0.03333333333333333
3 0.7875 0.3104166666666667 0.040625 0.041666666666666664
17 0.946875 0.18541666666666667 0.103125 0.0375
17 0.8109375 0.17291666666666666 0.1234375 0.05
17 0.9515625 0.16041666666666668 0.090625 0.010416666666666666
17 0.696875 0.19583333333333333 0.090625 0.035416666666666666
17 0.7765625 0.21458333333333332 0.0546875 0.029166666666666667
17 0.7375 0.21666666666666667 0.053125 0.016666666666666666
17 0.7921875 0.23333333333333334 0.034375 0.05416666666666667
8 0.8390625 0.24375 0.028125 0.03125
19 0.878125 0.23958333333333334 0.0296875 0.025
23 0.95 0.19166666666666668 0.025 0.020833333333333332
19 0.9765625 0.24791666666666667 0.0265625 0.022916666666666665
17 0.5890625 0.2833333333333333 0.1578125 0.15208333333333332
2 0.6078125 0.5083333333333333 0.0375 0.05
19 0.246875 0.3958333333333333 0.0515625 0.04791666666666667
19 0.3359375 0.36666666666666664 0.09375 0.04583333333333333
23 0.446875 0.3145833333333333 0.0890625 0.03958333333333333
3 0.3734375 0.33541666666666664 0.1 0.05
3 0.9375 0.23333333333333334 0.0265625 0.029166666666666667
5 0.85 0.22916666666666666 0.0125 0.020833333333333332
19 0.7 0.17291666666666666 0.028125 0.010416666666666666