19 0.04296875 0.297423887587822 0.0859375 0.06323185011709602
19 0.1140625 0.2962529274004684 0.0640625 0.0468384074941452
19 0.1921875 0.2681498829039813 0.053125 0.03044496487119438
3 0.1140625 0.2681498829039813 0.084375 0.05620608899297424
19 0.2125 0.29156908665105385 0.0828125 0.04918032786885246
3 0.3453125 0.2775175644028103 0.071875 0.06791569086651054
10 0.4078125 0.2892271662763466 0.04375 0.03981264637002342
3 0.453125 0.2775175644028103 0.0515625 0.05152224824355972
19 0.484375 0.2892271662763466 0.0609375 0.03747072599531616
19 0.546875 0.2892271662763466 0.05625 0.03278688524590164
10 0.5671875 0.2728337236533958 0.0265625 0.0117096018735363
10 0.596875 0.2728337236533958 0.0234375 0.01405152224824356
19 0.615625 0.28688524590163933 0.0515625 0.02810304449648712
7 0.6515625 0.28688524590163933 0.0125 0.02576112412177986
19 0.66875 0.28454332552693207 0.0296875 0.02576112412177986
7 0.69375 0.28454332552693207 0.0140625 0.0234192037470726
23 0.646875 0.27049180327868855 0.0359375 0.02107728337236534
10 0.70625 0.27985948477751754 0.0140625 0.02810304449648712
10 0.71875 0.2775175644028103 0.0171875 0.02810304449648712
10 0.7390625 0.27985948477751754 0.0171875 0.02576112412177986
10 0.75625 0.27985948477751754 0.01875 0.02810304449648712
23 0.703125 0.26346604215456676 0.034375 0.01405152224824356
17 0.796875 0.27049180327868855 0.040625 0.0351288056206089
17 0.846875 0.265807962529274 0.025 0.01873536299765808
19 0.734375 0.25644028103044497 0.015625 0.00702576112412178
19 0.39375 0.45081967213114754 0.05 0.02576112412177986
2 0.44375 0.43208430913348944 0.0140625 0.01873536299765808
19 0.4234375 0.46955503512880564 0.046875 0.0234192037470726
2 0.5390625 0.43208430913348944 0.0125 0.0234192037470726
2 0.546875 0.41100702576112413 0.0109375 0.01873536299765808
10 0.565625 0.43208430913348944 0.01875 0.02107728337236534
19 0.5609375 0.45550351288056207 0.0375 0.03044496487119438
19 0.596875 0.4133489461358314 0.015625 0.02107728337236534
10 0.6875 0.3992974238875878 0.0140625 0.01639344262295082
19 0.66875 0.41100702576112413 0.0109375 0.01873536299765808
10 0.6859375 0.3875878220140515 0.0140625 0.01873536299765808
17 0.690625 0.36416861826697894 0.0328125 0.0351288056206089
2 0.71875 0.3430913348946136 0.009375 0.01639344262295082
8 0.8015625 0.3337236533957845 0.0109375 0.02576112412177986
17 0.1375 0.7482435597189696 0.1859375 0.1592505854800937
17 0.33125 0.6007025761124122 0.16875 0.16159250585480095
2 0.11875 0.955503512880562 0.05625 0.07728337236533958
19 0.203125 0.9227166276346604 0.14375 0.1405152224824356
2 0.2984375 0.955503512880562 0.034375 0.04918032786885246
10 0.309375 0.8266978922716628 0.0671875 0.09133489461358314
19 0.409375 0.8665105386416861 0.0921875 0.11943793911007025
19 0.3796875 0.7704918032786885 0.0875 0.10772833723653395
17 0.440625 0.8946135831381733 0.25625 0.1990632318501171
19 0.5375 0.7822014051522248 0.065625 0.07494145199063232
19 0.453125 0.6967213114754098 0.0765625 0.04918032786885246
23 0.471875 0.7611241217798594 0.0828125 0.11007025761124122
10 0.5421875 0.6756440281030445 0.040625 0.06557377049180328
10 0.5546875 0.724824355971897 0.0453125 0.06088992974238876
19 0.5421875 0.6288056206088993 0.0546875 0.0585480093676815
19 0.61875 0.8665105386416861 0.0671875 0.13114754098360656
19 0.5953125 0.6733021077283372 0.059375 0.0585480093676815
19 0.6109375 0.7388758782201406 0.0640625 0.09601873536299765
19 0.5796875 0.5936768149882904 0.053125 0.05152224824355972
10 0.64375 0.6405152224824356 0.0328125 0.06088992974238876
3 0.6234375 0.5936768149882904 0.059375 0.1053864168618267
10 0.7890625 0.6381733021077284 0.0171875 0.0468384074941452
10 0.6734375 0.509367681498829 0.0203125 0.02107728337236534
17 0.7109375 0.6920374707259953 0.134375 0.22716627634660422
17 0.715625 0.5843091334894613 0.103125 0.14285714285714285
3 0.684375 0.5515222482435597 0.0578125 0.08665105386416862
21 0.7234375 0.49063231850117095 0.0359375 0.03981264637002342
21 0.7921875 0.45784543325526933 0.0265625 0.03044496487119438
21 0.8921875 0.43208430913348944 0.0109375 0.03044496487119438
21 0.7828125 0.5585480093676815 0.03125 0.06088992974238876
17 0.81875 0.5679156908665105 0.0828125 0.13114754098360656
17 0.8359375 0.4648711943793911 0.028125 0.06557377049180328
19 0.75 0.48360655737704916 0.0234375 0.03278688524590164
10 0.8046875 0.4765807962529274 0.0140625 0.02576112412177986
10 0.8125 0.4929742388758782 0.01875 0.02107728337236534
10 0.7640625 0.4672131147540984 0.0171875 0.0234192037470726
19 0.6578125 0.5421545667447307 0.0265625 0.03981264637002342
11 0.7671875 0.43676814988290397 0.0515625 0.0585480093676815
11 0.8703125 0.4344262295081967 0.03125 0.06088992974238876
19 0.80625 0.5187353629976581 0.0265625 0.03044496487119438
10 0.815625 0.4133489461358314 0.0125 0.0234192037470726
17 0.790625 0.3992974238875878 0.046875 0.05620608899297424
17 0.8953125 0.3594847775175644 0.01875 0.04215456674473068
19 0.8609375 0.38524590163934425 0.0109375 0.01873536299765808
23 0.8390625 0.40398126463700235 0.0203125 0.02576112412177986
19 0.91875 0.3524590163934426 0.009375 0.01639344262295082
19 0.8609375 0.3618266978922717 0.0171875 0.01639344262295082
8 0.8953125 0.4063231850117096 0.01875 0.02107728337236534
19 0.9046875 0.3337236533957845 0.009375 0.0117096018735363
19 0.8796875 0.3477751756440281 0.0125 0.01639344262295082
17 0.8703125 0.2611241217798595 0.0203125 0.01873536299765808
19 0.7640625 0.25644028103044497 0.0171875 0.00936768149882904