2 0.01171875 0.9448356807511737 0.0234375 0.06807511737089202
19 0.0984375 0.9577464788732394 0.096875 0.07042253521126761
19 0.5015625 0.8802816901408451 0.0515625 0.07042253521126761
19 0.540625 0.9577464788732394 0.0625 0.07042253521126761
19 0.575 0.8532863849765259 0.040625 0.06572769953051644
19 0.628125 0.7241784037558685 0.0109375 0.018779342723004695
19 0.5921875 0.7429577464788732 0.015625 0.02112676056338028
19 0.578125 0.7523474178403756 0.0125 0.023474178403755867
19 0.60625 0.7265258215962441 0.0125 0.01643192488262911
19 0.6140625 0.7147887323943662 0.0109375 0.014084507042253521
19 0.6 0.7194835680751174 0.0109375 0.01643192488262911
8 0.5796875 0.7312206572769953 0.0140625 0.01643192488262911
10 0.596875 0.8039906103286385 0.0171875 0.03990610328638498
10 0.61875 0.8345070422535211 0.025 0.046948356807511735
10 0.6 0.7593896713615024 0.0171875 0.025821596244131457
10 0.6265625 0.7546948356807511 0.015625 0.025821596244131457
5 0.784375 0.9671361502347418 0.0328125 0.0539906103286385
5 0.7046875 0.8802816901408451 0.0265625 0.07511737089201878
5 0.721875 0.857981220657277 0.021875 0.056338028169014086
5 0.7140625 0.82981220657277 0.015625 0.01643192488262911
19 0.7484375 0.9225352112676056 0.059375 0.08685446009389672
19 0.7125 0.8110328638497653 0.03125 0.04460093896713615
5 0.659375 0.7194835680751174 0.009375 0.009389671361502348
5 0.6578125 0.7335680751173709 0.009375 0.01643192488262911
23 0.684375 0.7124413145539906 0.01875 0.018779342723004695
19 0.6328125 0.6936619718309859 0.00625 0.007042253521126761
17 0.621875 0.6889671361502347 0.009375 0.02112676056338028
17 0.6484375 0.7030516431924883 0.009375 0.018779342723004695
10 0.5875 0.7194835680751174 0.009375 0.014084507042253521
10 0.5984375 0.7007042253521126 0.0078125 0.011737089201877934
19 0.6078125 0.7077464788732394 0.009375 0.009389671361502348
17 0.5609375 0.7758215962441315 0.0390625 0.07042253521126761