10 0.0859375 0.3967136150234742 0.0359375 0.06103286384976526
5 0.0765625 0.3438967136150235 0.0296875 0.03755868544600939
5 0.04375 0.318075117370892 0.0328125 0.04929577464788732
5 0.1046875 0.20305164319248825 0.0296875 0.046948356807511735
5 0.1171875 0.18427230046948356 0.0296875 0.046948356807511735
19 0.078125 0.9788732394366197 0.059375 0.025821596244131457
2 0.040625 0.6960093896713615 0.05 0.04460093896713615
8 0.1078125 0.12206572769953052 0.05 0.0539906103286385
17 0.01484375 0.015258215962441314 0.0296875 0.03051643192488263
17 0.05546875 0.015258215962441314 0.0453125 0.03051643192488263
17 0.12109375 0.036384976525821594 0.0890625 0.07276995305164319
17 0.171875 0.11502347417840375 0.0921875 0.09624413145539906
17 0.1875 0.0892018779342723 0.078125 0.09154929577464789
17 0.26875 0.1255868544600939 0.096875 0.13615023474178403
17 0.3859375 0.1936619718309859 0.1296875 0.11971830985915492
2 0.371875 0.2476525821596244 0.0234375 0.03286384976525822
3 0.3328125 0.22417840375586853 0.059375 0.056338028169014086
3 0.253125 0.20539906103286384 0.0734375 0.06572769953051644
3 0.19375 0.18427230046948356 0.053125 0.06103286384976526
10 0.4625 0.1795774647887324 0.0296875 0.028169014084507043
5 0.471875 0.20774647887323944 0.0359375 0.03755868544600939
11 0.525 0.18661971830985916 0.065625 0.04460093896713615
10 0.634375 0.23591549295774647 0.0296875 0.04929577464788732
17 0.6234375 0.18896713615023475 0.1046875 0.09624413145539906
5 0.696875 0.07981220657276995 0.015625 0.03286384976525822
10 0.7359375 0.10093896713615023 0.021875 0.035211267605633804
17 0.7546875 0.051643192488262914 0.053125 0.07981220657276995
19 0.7609375 0.014084507042253521 0.0234375 0.023474178403755867
17 0.5453125 0.2546948356807512 0.125 0.07981220657276995
5 0.571875 0.3039906103286385 0.034375 0.04460093896713615
19 0.4390625 0.318075117370892 0.0515625 0.035211267605633804
5 0.4203125 0.3532863849765258 0.0375 0.035211267605633804
5 0.4640625 0.35093896713615025 0.0421875 0.04460093896713615
5 0.453125 0.4014084507042254 0.034375 0.056338028169014086
5 0.409375 0.39436619718309857 0.021875 0.03755868544600939
5 0.3890625 0.3967136150234742 0.0203125 0.04460093896713615
5 0.38125 0.431924882629108 0.025 0.05868544600938967
5 0.409375 0.4295774647887324 0.0234375 0.04460093896713615
2 0.153125 0.5985915492957746 0.0453125 0.046948356807511735
2 0.203125 0.5774647887323944 0.0203125 0.06103286384976526
2 0.2546875 0.8039906103286385 0.0421875 0.051643192488262914
2 0.35 0.8063380281690141 0.04375 0.04225352112676056
5 0.2125 0.7805164319248826 0.05 0.09859154929577464
16 0.2296875 0.7077464788732394 0.0234375 0.05868544600938967
19 0.1328125 0.357981220657277 0.0484375 0.07276995305164319
5 0.175 0.3392018779342723 0.040625 0.04929577464788732
2 0.215625 0.32511737089201875 0.01875 0.03755868544600939
2 0.15 0.4131455399061033 0.0265625 0.03755868544600939
19 0.3015625 0.2664319248826291 0.0609375 0.06103286384976526
17 0.3171875 0.4671361502347418 0.1265625 0.18544600938967137
5 0.41875 0.4788732394366197 0.03125 0.05868544600938967
2 0.446875 0.4788732394366197 0.0203125 0.03990610328638498
10 0.4875 0.4507042253521127 0.04375 0.06807511737089202
5 0.478125 0.5187793427230047 0.0421875 0.06338028169014084
2 0.50625 0.32511737089201875 0.03125 0.04225352112676056
8 0.528125 0.43427230046948356 0.075 0.08685446009389672
19 0.4484375 0.5845070422535211 0.0796875 0.09624413145539906
8 0.3703125 0.6490610328638498 0.0703125 0.107981220657277
5 0.4640625 0.6631455399061033 0.0453125 0.07276995305164319
19 0.3046875 0.7241784037558685 0.0609375 0.1431924882629108
5 0.3015625 0.8415492957746479 0.0625 0.06338028169014084
5 0.3390625 0.8802816901408451 0.0421875 0.0892018779342723
5 0.3828125 0.8650234741784038 0.0484375 0.07981220657276995
5 0.3609375 0.9624413145539906 0.0640625 0.05868544600938967
5 0.4234375 0.9178403755868545 0.05 0.08685446009389672
5 0.453125 0.818075117370892 0.0546875 0.08685446009389672
5 0.5140625 0.8626760563380281 0.059375 0.07746478873239436
5 0.4734375 0.9624413145539906 0.059375 0.06103286384976526
5 0.5875 0.9154929577464789 0.0578125 0.08685446009389672
5 0.6203125 0.9694835680751174 0.0609375 0.046948356807511735
17 0.6015625 0.8392018779342723 0.2 0.27699530516431925
10 0.5765625 0.7124413145539906 0.053125 0.06807511737089202
19 0.5953125 0.6607981220657277 0.0875 0.10093896713615023
19 0.534375 0.528169014084507 0.0796875 0.09154929577464789
5 0.5234375 0.568075117370892 0.0484375 0.06572769953051644
2 0.5390625 0.6326291079812206 0.025 0.05868544600938967
10 0.60625 0.5821596244131455 0.0484375 0.07746478873239436
3 0.6171875 0.5352112676056338 0.0984375 0.12441314553990611
17 0.825 0.8673708920187794 0.253125 0.2511737089201878
5 0.6921875 0.6772300469483568 0.0484375 0.06103286384976526
19 0.8140625 0.710093896713615 0.0921875 0.11032863849765258
19 0.8453125 0.6772300469483568 0.0984375 0.11971830985915492
5 0.8828125 0.8016431924882629 0.0515625 0.07746478873239436
17 0.7734375 0.318075117370892 0.0984375 0.1572769953051643
17 0.8625 0.1795774647887324 0.075 0.15023474178403756
17 0.7453125 0.18427230046948356 0.0671875 0.13615023474178403
17 0.6765625 0.27816901408450706 0.096875 0.1572769953051643
3 0.721875 0.3227699530516432 0.05625 0.08685446009389672
17 0.8015625 0.1960093896713615 0.0671875 0.1056338028169014
17 0.9171875 0.10328638497652583 0.046875 0.10328638497652583
17 0.8171875 0.06807511737089202 0.0609375 0.09859154929577464
17 0.8890625 0.03755868544600939 0.05 0.07511737089201878