17 0.0890625 0.7488207547169812 0.178125 0.455188679245283
19 0.49375 0.9481132075471698 0.15625 0.08962264150943396
19 0.290625 0.8738207547169812 0.1390625 0.19103773584905662
19 0.4796875 0.7983490566037735 0.121875 0.16273584905660377
19 0.2 0.6615566037735849 0.0578125 0.14386792452830188
19 0.4953125 0.6709905660377359 0.1015625 0.125
3 0.275 0.7040094339622641 0.1 0.1721698113207547
3 0.3046875 0.6426886792452831 0.096875 0.12971698113207547
3 0.1984375 0.5542452830188679 0.0734375 0.11320754716981132
19 0.3734375 0.589622641509434 0.0828125 0.09905660377358491
10 0.4796875 0.5754716981132075 0.0671875 0.08726415094339622
17 0.346875 0.4669811320754717 0.1046875 0.16273584905660377
23 0.484375 0.5377358490566038 0.078125 0.11556603773584906
19 0.471875 0.5094339622641509 0.0671875 0.08490566037735849
3 0.2359375 0.47877358490566035 0.0703125 0.09669811320754718
19 0.471875 0.45754716981132076 0.0609375 0.0330188679245283
3 0.2546875 0.43160377358490565 0.0625 0.08490566037735849
10 0.2140625 0.4009433962264151 0.028125 0.08254716981132075
19 0.209375 0.31721698113207547 0.034375 0.04481132075471698
17 0.2828125 0.3714622641509434 0.1078125 0.1580188679245283
12 0.3765625 0.37971698113207547 0.0671875 0.11556603773584906
19 0.45625 0.44339622641509435 0.05625 0.0660377358490566
8 0.4609375 0.4033018867924528 0.0625 0.06367924528301887
17 0.365625 0.3125 0.0640625 0.04009433962264151
19 0.4578125 0.3596698113207547 0.0484375 0.025943396226415096
17 0.296875 0.2794811320754717 0.065625 0.02830188679245283
3 0.453125 0.267688679245283 0.05 0.06839622641509434
17 0.375 0.1945754716981132 0.0375 0.049528301886792456
17 0.409375 0.1875 0.034375 0.04009433962264151
23 0.38125 0.23938679245283018 0.028125 0.02122641509433962
17 0.340625 0.22523584905660377 0.040625 0.04009433962264151
3 0.859375 0.9280660377358491 0.1875 0.12971698113207547
23 0.803125 0.777122641509434 0.1453125 0.20754716981132076
19 0.9078125 0.7747641509433962 0.1390625 0.19339622641509435
19 0.965625 0.7441037735849056 0.0640625 0.16037735849056603
19 0.7265625 0.6922169811320755 0.1046875 0.14622641509433962
3 0.834375 0.6332547169811321 0.1296875 0.11084905660377359
19 0.93125 0.6403301886792453 0.10625 0.09905660377358491
19 0.96875 0.5613207547169812 0.059375 0.11556603773584906
19 0.6796875 0.5919811320754716 0.0890625 0.08254716981132075
8 0.784375 0.5542452830188679 0.090625 0.11084905660377359
19 0.890625 0.5801886792452831 0.0890625 0.06839622641509434
23 0.6578125 0.5212264150943396 0.0921875 0.11320754716981132
19 0.7328125 0.5259433962264151 0.0671875 0.09433962264150944
19 0.8546875 0.5400943396226415 0.084375 0.07311320754716981
19 0.8609375 0.5023584905660378 0.084375 0.07783018867924528
23 0.715625 0.45754716981132076 0.071875 0.07547169811320754
8 0.81875 0.4528301886792453 0.0734375 0.07311320754716981
8 0.6953125 0.41273584905660377 0.05 0.08018867924528301
23 0.7953125 0.42452830188679247 0.059375 0.09198113207547169
19 0.7546875 0.39858490566037735 0.034375 0.07075471698113207
12 0.6171875 0.42924528301886794 0.04375 0.0660377358490566
19 0.628125 0.4740566037735849 0.05625 0.04245283018867924
19 0.5859375 0.4009433962264151 0.04375 0.05660377358490566
19 0.6578125 0.4056603773584906 0.034375 0.06367924528301887
17 0.65625 0.3384433962264151 0.078125 0.11556603773584906
17 0.571875 0.32193396226415094 0.0703125 0.09433962264150944
17 0.5671875 0.20636792452830188 0.0375 0.0660377358490566