8 0.5703125 0.8724035608308606 0.1328125 0.2433234421364985
8 0.6890625 0.8100890207715133 0.1625 0.37091988130563797
19 0.7890625 0.8338278931750742 0.15625 0.314540059347181
10 0.5296875 0.6928783382789317 0.0765625 0.13353115727002968
19 0.6125 0.612759643916914 0.0890625 0.18397626112759644
19 0.5265625 0.5949554896142433 0.0796875 0.1543026706231454
10 0.66875 0.5593471810089021 0.0625 0.1513353115727003
10 0.496875 0.48813056379821956 0.0421875 0.09495548961424333
19 0.578125 0.4940652818991098 0.071875 0.13353115727002968
10 0.6359375 0.4762611275964392 0.0453125 0.09792284866468842
3 0.503125 0.40801186943620177 0.0515625 0.1572700296735905
10 0.546875 0.3724035608308605 0.03125 0.07418397626112759
10 0.609375 0.413946587537092 0.046875 0.06528189910979229
19 0.603125 0.3724035608308605 0.0484375 0.05934718100890208
19 0.5734375 0.327893175074184 0.0421875 0.06824925816023739
19 0.5296875 0.327893175074184 0.034375 0.05341246290801187
10 0.6109375 0.3249258160237389 0.0265625 0.06231454005934718
10 0.6046875 0.29821958456973297 0.025 0.050445103857566766
19 0.5140625 0.30415430267062316 0.03125 0.04747774480712166
19 0.515625 0.271513353115727 0.028125 0.03857566765578635
17 0.565625 0.2403560830860534 0.046875 0.10385756676557864
12 0.51875 0.22551928783382788 0.0234375 0.03857566765578635
17 0.525 0.12166172106824925 0.021875 0.05341246290801187
7 0.709375 0.5771513353115727 0.0171875 0.08902077151335312
2 0.671875 0.47032640949554894 0.0296875 0.03857566765578635
2 0.753125 0.6483679525222552 0.0421875 0.06231454005934718
2 0.8671875 0.827893175074184 0.0609375 0.13056379821958458
2 0.8171875 0.7403560830860534 0.0375 0.10385756676557864
2 0.7890625 0.642433234421365 0.025 0.04154302670623145
2 0.7109375 0.48813056379821956 0.0171875 0.06231454005934718
2 0.7421875 0.5979228486646885 0.0203125 0.050445103857566766
2 0.1390625 0.43768545994065283 0.0234375 0.05934718100890208