23 0.2639751552795031 0.7984375 0.23395445134575568 0.1375
5 0.07867494824016563 0.7140625 0.10144927536231885 0.059375
5 0.06625258799171843 0.771875 0.08695652173913043 0.0734375
19 0.22153209109730848 0.640625 0.10559006211180125 0.0484375
2 0.3364389233954451 0.709375 0.057971014492753624 0.0328125
5 0.41304347826086957 0.6390625 0.053830227743271224 0.046875
5 0.2826086956521739 0.646875 0.049689440993788817 0.0453125
23 0.33436853002070394 0.590625 0.12008281573498965 0.0359375
3 0.26811594202898553 0.60625 0.14078674948240166 0.040625
23 0.5496894409937888 0.6171875 0.08281573498964803 0.0484375
5 0.44616977225672877 0.5921875 0.031055900621118012 0.034375
5 0.4813664596273292 0.5875 0.028985507246376812 0.034375
19 0.44616977225672877 0.5625 0.08074534161490683 0.021875
2 0.13043478260869565 0.6296875 0.039337474120082816 0.0265625
19 0.6387163561076604 0.5765625 0.049689440993788817 0.028125
19 0.5973084886128365 0.5640625 0.049689440993788817 0.0234375
19 0.6697722567287785 0.5484375 0.037267080745341616 0.0203125
5 0.644927536231884 0.5265625 0.014492753623188406 0.01875
2 0.7681159420289855 0.5171875 0.006211180124223602 0.0109375
19 0.8012422360248447 0.50625 0.016563146997929608 0.009375
19 0.7743271221532091 0.5046875 0.016563146997929608 0.009375
23 0.9192546583850931 0.540625 0.07039337474120083 0.0140625
23 0.9585921325051759 0.5609375 0.07660455486542443 0.015625
17 0.8157349896480331 0.59375 0.07660455486542443 0.084375
2 0.7929606625258799 0.8359375 0.039337474120082816 0.0703125
5 0.8302277432712215 0.5390625 0.016563146997929608 0.01875
16 0.8053830227743272 0.5453125 0.006211180124223602 0.009375
19 0.8944099378881988 0.5703125 0.047619047619047616 0.0265625
10 0.8716356107660456 0.590625 0.031055900621118012 0.0375