5 0.175 0.6442080378250591 0.23125 0.30023640661938533
5 0.05 0.5425531914893617 0.05625 0.07565011820330969
5 0.55 0.5378250591016549 0.0375 0.08747044917257683
19 0.828125 0.58274231678487 0.090625 0.09219858156028368
9 0.6765625 0.5520094562647754 0.0890625 0.07801418439716312
9 0.7671875 0.5567375886524822 0.0515625 0.07565011820330969
23 0.7921875 0.5307328605200946 0.1015625 0.08037825059101655
8 0.9734375 0.6229314420803782 0.0484375 0.1536643026004728
19 0.45625 0.5378250591016549 0.0703125 0.04728132387706856
19 0.4171875 0.5307328605200946 0.040625 0.03309692671394799
17 0.675 0.49763593380614657 0.0640625 0.02364066193853428
5 0.2453125 0.5236406619385343 0.0390625 0.04018912529550828
5 0.1765625 0.5212765957446809 0.0234375 0.037825059101654845