17 0.1828125 0.8744131455399061 0.1390625 0.2112676056338028
17 0.359375 0.8415492957746479 0.1171875 0.19248826291079812
10 0.378125 0.9577464788732394 0.06875 0.05868544600938967
10 0.4171875 0.931924882629108 0.065625 0.11267605633802817
10 0.4703125 0.8603286384976526 0.05 0.1056338028169014
8 0.540625 0.8415492957746479 0.0703125 0.11267605633802817
17 0.3078125 0.7640845070422535 0.0859375 0.15258215962441316
17 0.5140625 0.6936619718309859 0.059375 0.12206572769953052
1 0.440625 0.7969483568075117 0.053125 0.11971830985915492
19 0.5234375 0.7687793427230047 0.0515625 0.06572769953051644
17 0.4078125 0.7007042253521126 0.0734375 0.07511737089201878
19 0.4578125 0.7053990610328639 0.028125 0.04929577464788732
19 0.4640625 0.6772300469483568 0.0328125 0.03990610328638498
17 0.315625 0.6960093896713615 0.1078125 0.0892018779342723
17 0.3390625 0.6490610328638498 0.075 0.03051643192488263
17 0.340625 0.6326291079812206 0.0515625 0.02112676056338028
17 0.365625 0.6326291079812206 0.0453125 0.056338028169014086
17 0.4 0.5985915492957746 0.0421875 0.046948356807511735
17 0.421875 0.6056338028169014 0.0390625 0.035211267605633804
19 0.4671875 0.6561032863849765 0.03125 0.018779342723004695
11 0.465625 0.6255868544600939 0.034375 0.04929577464788732
19 0.9734375 0.9154929577464789 0.05 0.06807511737089202
19 0.9046875 0.9553990610328639 0.0984375 0.07746478873239436
19 0.809375 0.971830985915493 0.10625 0.04460093896713615
19 0.846875 0.8720657276995305 0.0859375 0.09154929577464789
23 0.7765625 0.9084507042253521 0.103125 0.1596244131455399
12 0.9046875 0.8227699530516432 0.0953125 0.14553990610328638
8 0.7703125 0.7875586854460094 0.084375 0.09154929577464789
8 0.8265625 0.778169014084507 0.0703125 0.10328638497652583
19 0.7859375 0.7030516431924883 0.0390625 0.046948356807511735
10 0.84375 0.7382629107981221 0.0359375 0.04225352112676056
19 0.8484375 0.7335680751173709 0.0609375 0.03990610328638498
8 0.75 0.7382629107981221 0.0625 0.07511737089201878
19 0.7140625 0.8650234741784038 0.071875 0.11267605633802817
19 0.690625 0.818075117370892 0.0734375 0.08215962441314555
19 0.659375 0.7687793427230047 0.0578125 0.07511737089201878
23 0.6453125 0.721830985915493 0.0546875 0.07276995305164319
10 0.7484375 0.6889671361502347 0.03125 0.028169014084507043
10 0.715625 0.681924882629108 0.021875 0.0539906103286385
23 0.665625 0.6795774647887324 0.0421875 0.06338028169014084
19 0.6140625 0.7124413145539906 0.028125 0.05868544600938967
19 0.609375 0.6913145539906104 0.0375 0.046948356807511735
19 0.5796875 0.6514084507042254 0.01875 0.03990610328638498
19 0.640625 0.6302816901408451 0.03125 0.03051643192488263
10 0.6015625 0.5892018779342723 0.0140625 0.025821596244131457
19 0.625 0.6150234741784038 0.025 0.025821596244131457
8 0.56875 0.6197183098591549 0.0234375 0.03286384976525822
23 0.565625 0.5892018779342723 0.0203125 0.025821596244131457
17 0.6328125 0.5868544600938967 0.0234375 0.04929577464788732
10 0.6078125 0.5821596244131455 0.0125 0.023474178403755867
17 0.66875 0.5915492957746479 0.03125 0.056338028169014086
17 0.70625 0.6255868544600939 0.0484375 0.07042253521126761
17 0.6890625 0.6103286384976526 0.0390625 0.06103286384976526
17 0.4203125 0.5727699530516432 0.03125 0.018779342723004695
17 0.4828125 0.5516431924882629 0.01875 0.018779342723004695
17 0.453125 0.5469483568075117 0.025 0.04929577464788732
23 0.521875 0.5868544600938967 0.021875 0.018779342723004695
19 0.490625 0.6255868544600939 0.0125 0.03051643192488263
1 0.5125 0.6173708920187794 0.028125 0.035211267605633804
10 0.40625 0.6255868544600939 0.021875 0.007042253521126761
10 0.403125 0.6490610328638498 0.025 0.014084507042253521
10 0.4390625 0.653755868544601 0.0203125 0.018779342723004695
17 0.5125 0.5234741784037559 0.0125 0.018779342723004695
12 0.59375 0.5516431924882629 0.015625 0.018779342723004695
12 0.56875 0.5469483568075117 0.0109375 0.02112676056338028
19 0.575 0.5774647887323944 0.0140625 0.018779342723004695
23 0.590625 0.5751173708920188 0.0109375 0.018779342723004695
10 0.6015625 0.5915492957746479 0.0125 0.025821596244131457
10 0.6078125 0.5845070422535211 0.0125 0.023474178403755867
17 0.5859375 0.5422535211267606 0.01875 0.028169014084507043
17 0.565625 0.5258215962441315 0.015625 0.02112676056338028
17 0.48125 0.5140845070422535 0.0140625 0.011737089201877934
19 0.453125 0.5821596244131455 0.0125 0.007042253521126761
17 0.459375 0.5117370892018779 0.0203125 0.011737089201877934
23 0.4859375 0.6009389671361502 0.01875 0.011737089201877934
8 0.50625 0.5727699530516432 0.0203125 0.011737089201877934
11 0.5546875 0.5046948356807511 0.0078125 0.014084507042253521