17 0.8578125 0.8976109215017065 0.2203125 0.1945392491467577
17 0.675 0.643344709897611 0.090625 0.2764505119453925
17 0.2453125 0.5 0.0421875 0.06143344709897611
17 0.29375 0.4658703071672355 0.0359375 0.05460750853242321
17 0.5609375 0.5273037542662116 0.0296875 0.09215017064846416
17 0.5703125 0.45563139931740615 0.01875 0.04778156996587031
17 0.5484375 0.4453924914675768 0.0125 0.034129692832764506
17 0.528125 0.4180887372013652 0.0125 0.017064846416382253
3 0.3546875 0.5068259385665529 0.01875 0.04436860068259386
19 0.35625 0.5580204778156996 0.0234375 0.040955631399317405
10 0.303125 0.5307167235494881 0.015625 0.03754266211604096
19 0.29375 0.5170648464163823 0.015625 0.030716723549488054
3 0.275 0.4931740614334471 0.01875 0.040955631399317405
3 0.334375 0.5204778156996587 0.01875 0.05802047781569966
12 0.5421875 0.8122866894197952 0.0609375 0.19795221843003413
10 0.6109375 0.8361774744027304 0.0484375 0.16040955631399317
16 0.6546875 0.8464163822525598 0.021875 0.08532423208191127
19 0.79375 0.7013651877133106 0.1078125 0.08873720136518772
2 0.8421875 0.6535836177474402 0.0203125 0.04436860068259386
5 0.7515625 0.5648464163822525 0.0171875 0.03754266211604096
5 0.8171875 0.6399317406143344 0.028125 0.06484641638225255
2 0.621875 0.757679180887372 0.021875 0.030716723549488054
19 0.4578125 0.7713310580204779 0.046875 0.11262798634812286
3 0.4734375 0.6877133105802048 0.0375 0.08191126279863481
10 0.5234375 0.6945392491467577 0.028125 0.06825938566552901
23 0.571875 0.6672354948805461 0.040625 0.10580204778156997
19 0.5203125 0.6262798634812287 0.0296875 0.06825938566552901
19 0.4703125 0.6262798634812287 0.0296875 0.04778156996587031
10 0.621875 0.6092150170648464 0.021875 0.06484641638225255
19 0.615625 0.5784982935153583 0.0296875 0.04436860068259386
2 0.5765625 0.5853242320819113 0.0125 0.040955631399317405
7 0.596875 0.5204778156996587 0.0078125 0.027303754266211604
3 0.5140625 0.5443686006825939 0.025 0.07508532423208192
3 0.46875 0.5511945392491467 0.0203125 0.051194539249146756
2 0.48125 0.5409556313993175 0.0078125 0.027303754266211604
2 0.5375 0.48976109215017066 0.00625 0.023890784982935155
3 0.50625 0.4863481228668942 0.0203125 0.04436860068259386
19 0.4484375 0.48976109215017066 0.0171875 0.027303754266211604
19 0.4265625 0.4761092150170648 0.015625 0.030716723549488054
3 0.45 0.4522184300341297 0.0171875 0.03754266211604096
8 0.2515625 0.8430034129692833 0.084375 0.14675767918088736
3 0.315625 0.6706484641638225 0.04375 0.11262798634812286
3 0.225 0.6638225255972696 0.0421875 0.11262798634812286
19 0.01484375 0.689419795221843 0.0296875 0.07167235494880546
19 0.121875 0.5853242320819113 0.0390625 0.04778156996587031
10 0.153125 0.5580204778156996 0.01875 0.04436860068259386
19 0.315625 0.5068259385665529 0.015625 0.023890784982935155
19 0.3875 0.4590443686006826 0.0234375 0.017064846416382253
5 0.9546875 0.7610921501706485 0.0390625 0.10580204778156997
5 0.9203125 0.7320819112627986 0.034375 0.10580204778156997
2 0.721875 0.7081911262798635 0.0140625 0.05460750853242321