3 0.61875 0.8058659217877095 0.109375 0.2011173184357542
23 0.5484375 0.6256983240223464 0.0609375 0.10614525139664804
10 0.6375 0.6717877094972067 0.0515625 0.12011173184357542
19 0.553125 0.4860335195530726 0.0296875 0.07541899441340782
2 0.64375 0.5642458100558659 0.025 0.08379888268156424
2 0.6046875 0.4720670391061452 0.0125 0.04189944134078212
2 0.5796875 0.39664804469273746 0.009375 0.03910614525139665
7 0.5984375 0.43854748603351956 0.0140625 0.036312849162011177
2 0.60625 0.4106145251396648 0.0109375 0.04189944134078212
10 0.603125 0.361731843575419 0.0125 0.030726256983240222
12 0.7140625 0.5837988826815642 0.0390625 0.03910614525139665
10 0.7359375 0.5586592178770949 0.021875 0.03910614525139665
10 0.6796875 0.5251396648044693 0.0140625 0.036312849162011177
8 0.4265625 0.9385474860335196 0.0921875 0.10614525139664804
10 0.428125 0.803072625698324 0.05625 0.15921787709497207
10 0.3 0.9385474860335196 0.0625 0.10614525139664804
10 0.178125 0.946927374301676 0.0765625 0.08659217877094973
10 0.346875 0.553072625698324 0.034375 0.05307262569832402
10 0.4015625 0.5363128491620112 0.0296875 0.05027932960893855
3 0.209375 0.8282122905027933 0.1015625 0.19273743016759776
10 0.24375 0.7136871508379888 0.05625 0.09497206703910614
19 0.325 0.8477653631284916 0.078125 0.15083798882681565
19 0.3328125 0.7276536312849162 0.06875 0.11452513966480447
19 0.4171875 0.7220670391061452 0.059375 0.1340782122905028
19 0.359375 0.6354748603351955 0.0578125 0.09776536312849161
23 0.4234375 0.61731843575419 0.05625 0.09776536312849161
8 0.4578125 0.5139664804469274 0.0484375 0.07262569832402235
19 0.3140625 0.6061452513966481 0.0640625 0.08100558659217877
19 0.2765625 0.6801675977653632 0.0671875 0.09776536312849161
10 0.3765625 0.5614525139664804 0.034375 0.05307262569832402
12 0.446875 0.46089385474860334 0.034375 0.04189944134078212
19 0.4203125 0.5111731843575419 0.028125 0.04189944134078212
19 0.4984375 0.4441340782122905 0.028125 0.0446927374301676
2 0.5765625 0.35335195530726254 0.003125 0.01675977653631285
10 0.78125 0.5223463687150838 0.0140625 0.027932960893854747
10 0.7640625 0.5111731843575419 0.0140625 0.025139664804469275