10 0.74822695035461 0.790625 0.16548463356973994 0.1875
10 0.6583924349881797 0.60625 0.08274231678486997 0.0875
10 0.4385342789598109 0.6 0.08274231678486997 0.0734375
10 0.2458628841607565 0.9015625 0.2222222222222222 0.19375
19 0.3628841607565012 0.696875 0.1773049645390071 0.134375
17 0.6111111111111112 0.5078125 0.1182033096926714 0.10625
19 0.11465721040189125 0.82578125 0.2293144208037825 0.2328125
23 0.22458628841607564 0.6171875 0.14420803782505912 0.115625
23 0.533096926713948 0.6171875 0.12293144208037825 0.128125
12 0.483451536643026 0.81875 0.24113475177304963 0.3125
19 0.3605200945626478 0.5875 0.10638297872340426 0.075
3 0.48108747044917255 0.5015625 0.07801418439716312 0.0703125
19 0.37706855791962174 0.528125 0.08983451536643026 0.053125
19 0.05319148936170213 0.60703125 0.10638297872340426 0.0734375
2 0.016548463356973995 0.55 0.03309692671394799 0.0453125
10 0.037825059101654845 0.5015625 0.05200945626477541 0.034375
19 0.17494089834515367 0.5140625 0.05673758865248227 0.034375
23 0.25059101654846333 0.4875 0.04964539007092199 0.0390625
10 0.5401891252955082 0.490625 0.03309692671394799 0.0421875
17 0.4787234042553192 0.4375 0.037825059101654845 0.0359375
19 0.36997635933806144 0.478125 0.04728132387706856 0.03125
2 0.20094562647754138 0.475 0.026004728132387706 0.0265625