17 0.3921875 0.5807799442896936 0.1203125 0.25348189415041783
23 0.378125 0.871866295264624 0.11875 0.2395543175487465
19 0.05390625 0.8161559888579387 0.1078125 0.17270194986072424
17 0.3296875 0.5222841225626741 0.128125 0.26740947075208915
17 0.4453125 0.3022284122562674 0.0546875 0.07520891364902507
17 0.4375 0.38579387186629527 0.0625 0.09192200557103064
5 0.1515625 0.935933147632312 0.0765625 0.11420612813370473
5 0.1671875 0.871866295264624 0.075 0.13370473537604458
5 0.2296875 0.871866295264624 0.0640625 0.17827298050139276
5 0.1671875 0.6866295264623955 0.0484375 0.07799442896935933
5 0.178125 0.6309192200557103 0.0421875 0.06963788300835655
12 0.721875 0.8941504178272981 0.1171875 0.19220055710306408
8 0.653125 0.8245125348189415 0.11875 0.24512534818941503
19 0.2546875 0.6504178272980501 0.075 0.08635097493036212
22 0.5859375 0.4777158774373259 0.090625 0.17827298050139276
19 0.925 0.7576601671309192 0.1109375 0.11977715877437325
19 0.175 0.5111420612813371 0.0578125 0.055710306406685235
10 0.096875 0.658774373259053 0.0640625 0.13649025069637882
19 0.0484375 0.7061281337047354 0.0890625 0.04178272980501393
5 0.084375 0.42479108635097496 0.021875 0.03899721448467967
19 0.6078125 0.6615598885793872 0.078125 0.07242339832869081
5 0.59375 0.733983286908078 0.0515625 0.17827298050139276
5 0.875 0.9164345403899722 0.0609375 0.13370473537604458
5 0.7859375 0.8328690807799443 0.0546875 0.15877437325905291
5 0.778125 0.7520891364902507 0.059375 0.08356545961002786
5 0.8453125 0.7883008356545961 0.065625 0.13649025069637882
21 0.7234375 0.5863509749303621 0.103125 0.13649025069637882
5 0.9765625 0.6810584958217271 0.0421875 0.08635097493036212
5 0.815625 0.6727019498607242 0.0484375 0.07242339832869081
19 0.103125 0.49164345403899723 0.0609375 0.04456824512534819
8 0.1515625 0.4610027855153203 0.0609375 0.04735376044568245
10 0.2359375 0.5863509749303621 0.05 0.06406685236768803
19 0.259375 0.3412256267409471 0.040625 0.03064066852367688
5 0.2578125 0.4275766016713092 0.0234375 0.0584958217270195
5 0.2203125 0.435933147632312 0.025 0.052924791086350974
23 0.0265625 0.6142061281337048 0.053125 0.10584958217270195
12 0.365625 0.37186629526462395 0.0828125 0.04456824512534819
5 0.765625 0.5111420612813371 0.028125 0.06406685236768803
5 0.9140625 0.6643454038997214 0.046875 0.05013927576601671
12 0.959375 0.947075208913649 0.0765625 0.08913649025069638