2 0.4916839916839917 0.79375 0.04365904365904366 0.090625
2 0.49584199584199584 0.6140625 0.029106029106029108 0.0375
2 0.158004158004158 0.7171875 0.04781704781704782 0.0703125
19 0.2796257796257796 0.8171875 0.1600831600831601 0.1359375
12 0.43555093555093555 0.628125 0.06444906444906445 0.065625
2 0.7474012474012474 0.6625 0.06444906444906445 0.028125
2 0.8690228690228691 0.7421875 0.05197505197505198 0.059375
19 0.7037422037422038 0.8671875 0.15384615384615385 0.153125
19 0.8440748440748441 0.8171875 0.1600831600831601 0.14375
19 0.6559251559251559 0.63125 0.04781704781704782 0.05
8 0.33783783783783783 0.5921875 0.05405405405405406 0.0375
8 0.2713097713097713 0.59375 0.06444906444906445 0.0375
8 0.23284823284823286 0.659375 0.10602910602910603 0.075
8 0.45634095634095634 0.578125 0.04158004158004158 0.03125
19 0.5706860706860707 0.5890625 0.04158004158004158 0.034375
17 0.05301455301455302 0.71640625 0.10602910602910603 0.1359375