10 0.484375 0.6005586592178771 0.103125 0.1871508379888268
10 0.4609375 0.7779329608938548 0.1125 0.1564245810055866
10 0.653125 0.8994413407821229 0.115625 0.18435754189944134
10 0.8953125 0.8365921787709497 0.103125 0.09217877094972067
10 0.715625 0.5921787709497207 0.0796875 0.18435754189944134
10 0.9625 0.4581005586592179 0.0703125 0.11173184357541899
10 0.70625 0.9581005586592178 0.125 0.0670391061452514
10 0.5796875 0.4106145251396648 0.0546875 0.04748603351955307
10 0.578125 0.36731843575418993 0.05 0.03910614525139665
10 0.7484375 0.4664804469273743 0.05 0.10614525139664804
10 0.8484375 0.4664804469273743 0.046875 0.10893854748603352
10 0.8125 0.6578212290502793 0.0859375 0.10614525139664804
10 0.8375 0.6145251396648045 0.0796875 0.10335195530726257
10 0.915625 0.5726256983240223 0.075 0.1787709497206704
2 0.9796875 0.8002793296089385 0.0375 0.23184357541899442
2 0.8796875 0.46368715083798884 0.0265625 0.10614525139664804
17 0.821875 0.28910614525139666 0.0875 0.16759776536312848
8 0.315625 0.8589385474860335 0.165625 0.26536312849162014
19 0.6546875 0.7136871508379888 0.1359375 0.1787709497206704
8 0.790625 0.8254189944134078 0.1359375 0.25139664804469275
19 0.4546875 0.9189944134078212 0.165625 0.14804469273743018
19 0.51875 0.7807262569832403 0.121875 0.2346368715083799
19 0.88125 0.7416201117318436 0.1265625 0.15363128491620112
19 0.5953125 0.638268156424581 0.121875 0.1787709497206704
10 0.6765625 0.4776536312849162 0.071875 0.07262569832402235
17 0.7875 0.13547486033519554 0.1234375 0.16759776536312848
3 0.884375 0.30027932960893855 0.046875 0.15083798882681565
3 0.5015625 0.33379888268156427 0.0765625 0.17318435754189945
17 0.6640625 0.1717877094972067 0.065625 0.13128491620111732
3 0.71875 0.23044692737430167 0.0828125 0.13687150837988826
17 0.5359375 0.138268156424581 0.0828125 0.1005586592178771
3 0.546875 0.24162011173184358 0.08125 0.12849162011173185
10 0.553125 0.30307262569832405 0.0328125 0.10335195530726257
10 0.5421875 0.3254189944134078 0.015625 0.0893854748603352
19 0.609375 0.32821229050279327 0.0515625 0.1005586592178771
10 0.7328125 0.35893854748603354 0.0640625 0.09217877094972067
10 0.1625 0.5 0.0546875 0.0893854748603352
17 0.065625 0.31145251396648044 0.096875 0.12290502793296089
17 0.1328125 0.13547486033519554 0.06875 0.164804469273743
17 0.0671875 0.1634078212290503 0.0734375 0.10614525139664804
17 0.24375 0.2164804469273743 0.0734375 0.08659217877094973
10 0.5453125 0.4692737430167598 0.059375 0.06424581005586592
19 0.39375 0.5614525139664804 0.0984375 0.1340782122905028
19 0.3734375 0.6089385474860335 0.1171875 0.15363128491620112
8 0.353125 0.6689944134078212 0.1328125 0.13687150837988826
17 0.5546875 0.03910614525139665 0.0546875 0.0782122905027933
17 0.6109375 0.16620111731843576 0.0421875 0.12290502793296089