3 0.078125 0.6490610328638498 0.146875 0.17370892018779344
3 0.178125 0.6279342723004695 0.05 0.07511737089201878
3 0.26875 0.6126760563380281 0.04375 0.06572769953051644
3 0.509375 0.6631455399061033 0.046875 0.07746478873239436
3 0.334375 0.596244131455399 0.08125 0.03755868544600939
11 0.3703125 0.5704225352112676 0.0921875 0.03286384976525822
5 0.31875 0.6302816901408451 0.021875 0.046948356807511735
3 0.5265625 0.6056338028169014 0.028125 0.046948356807511735
19 0.4953125 0.6056338028169014 0.025 0.03286384976525822
17 0.6421875 0.596244131455399 0.05 0.07511737089201878
11 0.5640625 0.5751173708920188 0.03125 0.03286384976525822
11 0.7125 0.5892018779342723 0.025 0.03286384976525822
3 0.8 0.6150234741784038 0.0515625 0.03286384976525822
17 0.503125 0.5516431924882629 0.0265625 0.03051643192488263
21 0.4625 0.5751173708920188 0.015625 0.028169014084507043
16 0.3515625 0.6373239436619719 0.0125 0.02112676056338028