5 0.9765625 0.9229166666666667 0.04375 0.10208333333333333
5 0.9109375 0.9229166666666667 0.05625 0.125
5 0.95625 0.8447916666666667 0.0546875 0.06041666666666667
5 0.91875 0.7947916666666667 0.0359375 0.04791666666666667
5 0.8890625 0.8385416666666666 0.0390625 0.06458333333333334
5 0.8515625 0.7989583333333333 0.04375 0.09375
5 0.865625 0.7260416666666667 0.03125 0.05416666666666667
5 0.8109375 0.7552083333333334 0.040625 0.075
5 0.828125 0.7010416666666667 0.0359375 0.035416666666666666
5 0.76875 0.703125 0.0328125 0.06458333333333334
5 0.75 0.653125 0.0234375 0.03333333333333333
5 0.725 0.7677083333333333 0.0671875 0.07708333333333334
5 0.66875 0.759375 0.0484375 0.08958333333333333
5 0.6390625 0.7197916666666667 0.021875 0.06458333333333334
5 0.590625 0.6822916666666666 0.028125 0.06458333333333334
5 0.6171875 0.6739583333333333 0.025 0.06458333333333334
5 0.66875 0.653125 0.025 0.04791666666666667
5 0.64375 0.6572916666666667 0.0234375 0.052083333333333336
5 0.6109375 0.6229166666666667 0.0203125 0.04375
5 0.6421875 0.6125 0.0203125 0.041666666666666664
5 0.6359375 0.5854166666666667 0.015625 0.0125
5 0.5796875 0.6145833333333334 0.0203125 0.03958333333333333
5 0.6015625 0.5895833333333333 0.015625 0.029166666666666667
5 0.590625 0.5666666666666667 0.0109375 0.027083333333333334
5 0.58125 0.5604166666666667 0.0109375 0.025
5 0.5953125 0.55 0.0109375 0.0125
5 0.58125 0.5375 0.009375 0.014583333333333334
5 0.5953125 0.5354166666666667 0.009375 0.0125
5 0.1078125 0.821875 0.059375 0.08541666666666667
5 0.3546875 0.678125 0.028125 0.052083333333333336
5 0.328125 0.671875 0.025 0.05416666666666667
5 0.384375 0.6322916666666667 0.0203125 0.020833333333333332
5 0.403125 0.5979166666666667 0.0125 0.029166666666666667
5 0.390625 0.5895833333333333 0.0125 0.020833333333333332
5 0.428125 0.5729166666666666 0.00625 0.0125
5 0.4203125 0.5729166666666666 0.0078125 0.0125
8 0.1140625 0.7510416666666667 0.109375 0.06041666666666667
8 0.2328125 0.7010416666666667 0.075 0.06458333333333334
8 0.29375 0.6677083333333333 0.040625 0.052083333333333336
19 0.3359375 0.6302083333333334 0.0234375 0.03125
19 0.4015625 0.659375 0.0375 0.0375
19 0.3921875 0.7072916666666667 0.03125 0.05625
19 0.334375 0.7635416666666667 0.05625 0.07708333333333334
19 0.278125 0.8739583333333333 0.109375 0.11875
19 0.3765625 0.6145833333333334 0.0328125 0.0125
10 0.56875 0.5791666666666667 0.0140625 0.03125
17 0.546875 0.5875 0.03125 0.0625
17 0.4609375 0.60625 0.05 0.06875
21 0.546875 0.6635416666666667 0.0328125 0.07083333333333333
10 0.56875 0.51875 0.0078125 0.014583333333333334
14 0.7515625 0.8447916666666667 0.05625 0.08541666666666667