3 0.04296875 0.6115023474178404 0.0859375 0.19483568075117372
8 0.1421875 0.35093896713615025 0.0671875 0.056338028169014086
8 0.203125 0.3204225352112676 0.0484375 0.025821596244131457
10 0.2140625 0.357981220657277 0.0328125 0.046948356807511735
10 0.2578125 0.35093896713615025 0.0328125 0.0539906103286385
19 0.4015625 0.29225352112676056 0.03125 0.03755868544600939
10 0.4546875 0.20539906103286384 0.0109375 0.018779342723004695
2 0.471875 0.21244131455399062 0.00625 0.01643192488262911
10 0.503125 0.1772300469483568 0.0046875 0.009389671361502348
10 0.49375 0.1772300469483568 0.0015625 0.009389671361502348
9 0.10234375 0.8931924882629108 0.2046875 0.19953051643192488
23 0.25625 0.6678403755868545 0.134375 0.22769953051643194
19 0.3421875 0.5821596244131455 0.075 0.12206572769953052
23 0.3609375 0.4835680751173709 0.078125 0.1056338028169014
19 0.409375 0.45539906103286387 0.0265625 0.07981220657276995
8 0.4109375 0.392018779342723 0.05 0.046948356807511735
19 0.4359375 0.36502347417840375 0.0390625 0.025821596244131457
12 0.446875 0.33215962441314556 0.0421875 0.046948356807511735
12 0.478125 0.318075117370892 0.0203125 0.0539906103286385
19 0.4796875 0.2852112676056338 0.025 0.014084507042253521
8 0.4890625 0.2664319248826291 0.025 0.028169014084507043
19 0.5109375 0.2640845070422535 0.00625 0.025821596244131457
12 0.515625 0.21948356807511737 0.01875 0.014084507042253521
12 0.521875 0.20774647887323944 0.0140625 0.009389671361502348
12 0.3390625 0.9413145539906104 0.1796875 0.1056338028169014
23 0.4015625 0.7852112676056338 0.1484375 0.2323943661971831
19 0.4234375 0.6373239436619719 0.1 0.07511737089201878
19 0.4484375 0.5586854460093896 0.078125 0.08685446009389672
19 0.4453125 0.49295774647887325 0.0609375 0.056338028169014086
19 0.48125 0.43427230046948356 0.053125 0.06338028169014084
19 0.503125 0.3873239436619718 0.040625 0.03990610328638498
19 0.490625 0.3532863849765258 0.0421875 0.025821596244131457
19 0.5203125 0.3438967136150235 0.0296875 0.03990610328638498
12 0.5171875 0.30633802816901406 0.034375 0.025821596244131457
23 0.53125 0.2805164319248826 0.021875 0.025821596244131457
19 0.528125 0.25704225352112675 0.0171875 0.011737089201877934
17 0.5359375 0.21948356807511737 0.0046875 0.03755868544600939
17 0.5671875 0.18661971830985916 0.0171875 0.01643192488262911
17 0.5890625 0.19131455399061034 0.0203125 0.02112676056338028
17 0.5609375 0.23591549295774647 0.0421875 0.03051643192488263
17 0.584375 0.16784037558685447 0.0078125 0.009389671361502348
17 0.5703125 0.16549295774647887 0.0078125 0.007042253521126761
17 0.6015625 0.23826291079812206 0.0359375 0.04225352112676056
17 0.575 0.2734741784037559 0.04375 0.035211267605633804
17 0.5828125 0.21009389671361503 0.0203125 0.014084507042253521
17 0.575 0.32511737089201875 0.0546875 0.06807511737089202
17 0.6109375 0.2875586854460094 0.01875 0.04929577464788732
17 0.646875 0.30164319248826293 0.0515625 0.04460093896713615
17 0.6640625 0.3779342723004695 0.084375 0.07276995305164319
17 0.7296875 0.49765258215962443 0.1046875 0.16666666666666666
12 0.815625 0.4624413145539906 0.0703125 0.07511737089201878
10 0.8046875 0.5610328638497653 0.040625 0.11971830985915492
10 0.865625 0.539906103286385 0.05 0.06103286384976526
10 0.8609375 0.5985915492957746 0.06875 0.04929577464788732
10 0.8265625 0.6678403755868545 0.0796875 0.09624413145539906
10 0.9171875 0.6725352112676056 0.0859375 0.11267605633802817
10 0.8703125 0.7711267605633803 0.1140625 0.10093896713615023
10 0.8984375 0.8943661971830986 0.1140625 0.1572769953051643
10 0.91875 0.9847417840375586 0.1125 0.01643192488262911
10 0.7265625 0.7617370892018779 0.0828125 0.11032863849765258
10 0.725 0.8485915492957746 0.0875 0.05868544600938967
23 0.9484375 0.5492957746478874 0.0890625 0.11502347417840375
19 0.8828125 0.49295774647887325 0.059375 0.03051643192488263
8 0.7015625 0.6443661971830986 0.0953125 0.12910798122065728
8 0.56875 0.3967136150234742 0.0578125 0.06103286384976526
2 0.575 0.44366197183098594 0.021875 0.023474178403755867
9 0.60625 0.4507042253521127 0.0453125 0.028169014084507043
3 0.6 0.4953051643192488 0.0578125 0.03286384976525822
3 0.6265625 0.539906103286385 0.0125 0.0539906103286385
8 0.5875 0.5868544600938967 0.0734375 0.1572769953051643
19 0.5265625 0.5211267605633803 0.0625 0.1056338028169014
19 0.5828125 0.7194835680751174 0.1046875 0.09624413145539906
12 0.5703125 0.8345070422535211 0.1296875 0.12910798122065728
10 0.659375 0.49061032863849763 0.03125 0.09624413145539906
17 0.7234375 0.9460093896713615 0.2765625 0.09624413145539906