17 0.7390625 0.9342723004694836 0.209375 0.11971830985915492
17 0.9140625 0.7687793427230047 0.15 0.4507042253521127
10 0.453125 0.9694835680751174 0.1234375 0.046948356807511735
8 0.253125 0.9225352112676056 0.203125 0.14084507042253522
19 0.3515625 0.8016431924882629 0.1453125 0.12441314553990611
19 0.721875 0.8321596244131455 0.1453125 0.09154929577464789
19 0.4046875 0.6866197183098591 0.1 0.07511737089201878
17 0.546875 0.7640845070422535 0.2296875 0.36619718309859156
10 0.7015625 0.6772300469483568 0.071875 0.051643192488262914
10 0.725 0.7523474178403756 0.0765625 0.09154929577464789
8 0.725 0.6173708920187794 0.090625 0.07746478873239436
17 0.834375 0.6279342723004695 0.0765625 0.32629107981220656
17 0.8671875 0.4507042253521127 0.0796875 0.04460093896713615
17 0.84375 0.3744131455399061 0.0703125 0.11032863849765258
17 0.8 0.38028169014084506 0.0125 0.10328638497652583
17 0.834375 0.2546948356807512 0.0375 0.03990610328638498
17 0.815625 0.27816901408450706 0.034375 0.011737089201877934
17 0.81875 0.289906103286385 0.0390625 0.009389671361502348
17 0.821875 0.30164319248826293 0.0453125 0.01643192488262911
17 0.7609375 0.33215962441314556 0.0390625 0.07981220657276995
17 0.771875 0.25704225352112675 0.034375 0.04460093896713615
17 0.80625 0.21009389671361503 0.0125 0.01643192488262911
17 0.2265625 0.3826291079812207 0.121875 0.08215962441314555
17 0.4421875 0.30164319248826293 0.0421875 0.046948356807511735
17 0.475 0.289906103286385 0.0203125 0.03286384976525822
17 0.509375 0.2640845070422535 0.040625 0.028169014084507043
17 0.5671875 0.24530516431924881 0.0359375 0.02112676056338028
17 0.63125 0.22417840375586853 0.0265625 0.025821596244131457
17 0.675 0.20305164319248825 0.0078125 0.009389671361502348
19 0.7765625 0.5375586854460094 0.0390625 0.08685446009389672
19 0.765625 0.47183098591549294 0.0265625 0.04460093896713615
19 0.7921875 0.3039906103286385 0.00625 0.03990610328638498
19 0.6046875 0.5539906103286385 0.0703125 0.04225352112676056
19 0.6453125 0.4812206572769953 0.0453125 0.01643192488262911
19 0.678125 0.44366197183098594 0.046875 0.014084507042253521
19 0.6875 0.4272300469483568 0.040625 0.02112676056338028
19 0.6953125 0.40375586854460094 0.0390625 0.01643192488262911
19 0.703125 0.38497652582159625 0.034375 0.009389671361502348
19 0.7015625 0.36032863849765256 0.0109375 0.03990610328638498
19 0.7796875 0.22183098591549297 0.028125 0.014084507042253521
19 0.4609375 0.6150234741784038 0.0875 0.07276995305164319
19 0.5828125 0.4953051643192488 0.0421875 0.07511737089201878
19 0.590625 0.4460093896713615 0.0515625 0.025821596244131457
19 0.63125 0.44366197183098594 0.0203125 0.0539906103286385
19 0.65625 0.4014084507042254 0.021875 0.056338028169014086
19 0.0515625 0.8755868544600939 0.1 0.10328638497652583
19 0.2546875 0.6631455399061033 0.0734375 0.11032863849765258
19 0.06875 0.6150234741784038 0.071875 0.03990610328638498
19 0.0265625 0.5774647887323944 0.0421875 0.035211267605633804
19 0.05625 0.539906103286385 0.053125 0.056338028169014086
19 0.009375 0.5352112676056338 0.01875 0.056338028169014086
19 0.071875 0.49061032863849763 0.05 0.03286384976525822
19 0.240625 0.568075117370892 0.0234375 0.07746478873239436
19 0.2859375 0.5093896713615024 0.065625 0.04460093896713615
19 0.328125 0.5492957746478874 0.0265625 0.03990610328638498
19 0.2375 0.49295774647887325 0.015625 0.0539906103286385
19 0.30625 0.460093896713615 0.0265625 0.056338028169014086
19 0.325 0.4295774647887324 0.01875 0.03755868544600939
19 0.3609375 0.44366197183098594 0.0484375 0.02112676056338028
19 0.4515625 0.44835680751173707 0.03125 0.028169014084507043
19 0.475 0.41784037558685444 0.0296875 0.02112676056338028
19 0.446875 0.4131455399061033 0.0234375 0.03755868544600939
19 0.475 0.3826291079812207 0.040625 0.023474178403755867
19 0.4609375 0.3626760563380282 0.0265625 0.011737089201877934
19 0.471875 0.35093896713615025 0.0296875 0.01643192488262911
19 0.45 0.3345070422535211 0.03125 0.01643192488262911
19 0.5171875 0.34624413145539906 0.028125 0.01643192488262911
19 0.565625 0.34624413145539906 0.0328125 0.023474178403755867
19 0.478125 0.3274647887323944 0.00625 0.018779342723004695
10 0.721875 0.48826291079812206 0.028125 0.06338028169014084
10 0.715625 0.5305164319248826 0.05 0.02112676056338028
10 0.68125 0.48826291079812206 0.0203125 0.07276995305164319
10 0.65 0.5164319248826291 0.0484375 0.04225352112676056
10 0.64375 0.3626760563380282 0.0296875 0.02112676056338028
2 0.809375 0.23591549295774647 0.00625 0.014084507042253521
10 0.284375 0.5727699530516432 0.0546875 0.056338028169014086
10 0.0984375 0.7124413145539906 0.065625 0.11267605633802817
10 0.028125 0.710093896713615 0.05625 0.14788732394366197
10 0.2703125 0.4507042253521127 0.0453125 0.03990610328638498
10 0.3328125 0.40375586854460094 0.0140625 0.03286384976525822
10 0.425 0.3826291079812207 0.0328125 0.01643192488262911
10 0.43125 0.36971830985915494 0.03125 0.009389671361502348
10 0.415625 0.3415492957746479 0.0234375 0.01643192488262911
10 0.659375 0.2640845070422535 0.0140625 0.01643192488262911
8 0.71875 0.318075117370892 0.0109375 0.03990610328638498
8 0.61875 0.39436619718309857 0.0515625 0.03755868544600939
8 0.3828125 0.35563380281690143 0.0390625 0.028169014084507043
2 0.3546875 0.3673708920187793 0.0140625 0.009389671361502348
8 0.5265625 0.3744131455399061 0.0453125 0.03286384976525822
3 0.7234375 0.5586854460093896 0.06875 0.03286384976525822
3 0.75625 0.4107981220657277 0.0484375 0.07042253521126761
3 0.728125 0.2476525821596244 0.0296875 0.02112676056338028
3 0.715625 0.2664319248826291 0.025 0.009389671361502348
3 0.5421875 0.31338028169014087 0.04375 0.051643192488262914
3 0.5 0.3227699530516432 0.0328125 0.03286384976525822
3 0.6 0.2476525821596244 0.0234375 0.014084507042253521
3 0.625 0.2640845070422535 0.0265625 0.02112676056338028
3 0.1640625 0.4953051643192488 0.1046875 0.09859154929577464
3 0.196875 0.5915492957746479 0.05 0.07981220657276995
3 0.303125 0.3826291079812207 0.0265625 0.04225352112676056
3 0.5765625 0.29225352112676056 0.0140625 0.03990610328638498
3 0.6640625 0.24530516431924881 0.0171875 0.01643192488262911
3 0.6640625 0.32511737089201875 0.0421875 0.04929577464788732
12 0.5140625 0.5305164319248826 0.0953125 0.09154929577464789
19 0.696875 0.3274647887323944 0.009375 0.014084507042253521
23 0.6953125 0.30164319248826293 0.01875 0.01643192488262911
23 0.025 0.44366197183098594 0.05 0.08215962441314555
19 0.1078125 0.568075117370892 0.053125 0.03990610328638498
12 0.371875 0.4859154929577465 0.0703125 0.056338028169014086
12 0.3765625 0.40375586854460094 0.0640625 0.06103286384976526
3 0.2171875 0.44835680751173707 0.0125 0.03755868544600939