22 0.703125 0.7570422535211268 0.353125 0.4295774647887324
22 0.328125 0.6490610328638498 0.3953125 0.3333333333333333
22 0.221875 0.36502347417840375 0.290625 0.3192488262910798
10 0.2171875 0.9014084507042254 0.153125 0.1784037558685446
10 0.05234375 0.818075117370892 0.1046875 0.13145539906103287
10 0.54375 0.971830985915493 0.1140625 0.03990610328638498
10 0.3765625 0.9460093896713615 0.15 0.09154929577464789
5 0.0484375 0.6842723004694836 0.0796875 0.16666666666666666
19 0.128125 0.5164319248826291 0.09375 0.09154929577464789
5 0.0625 0.4694835680751174 0.0515625 0.19483568075117372
5 0.0171875 0.4694835680751174 0.03125 0.1431924882629108
5 0.9625 0.7030516431924883 0.0609375 0.08215962441314555
5 0.934375 0.6396713615023474 0.05625 0.051643192488262914
5 0.775 0.539906103286385 0.0625 0.107981220657277
5 0.721875 0.49765258215962443 0.0453125 0.14788732394366197
10 0.68125 0.45774647887323944 0.053125 0.14553990610328638
10 0.6046875 0.4765258215962441 0.1140625 0.06572769953051644
10 0.4765625 0.4413145539906103 0.109375 0.07981220657276995
10 0.565625 0.39906103286384975 0.0953125 0.07276995305164319
10 0.465625 0.25234741784037557 0.0875 0.11267605633802817
10 0.6171875 0.2476525821596244 0.0953125 0.11737089201877934
10 0.384375 0.18192488262910797 0.065625 0.056338028169014086
10 0.278125 0.07276995305164319 0.0328125 0.06807511737089202
10 0.115625 0.14906103286384975 0.0578125 0.08450704225352113
10 0.046875 0.11971830985915492 0.06875 0.08215962441314555
10 0.04375 0.0539906103286385 0.06875 0.03755868544600939
10 0.2359375 0.046948356807511735 0.034375 0.02112676056338028
10 0.028125 0.014084507042253521 0.0265625 0.028169014084507043
10 0.803125 0.1983568075117371 0.0265625 0.04460093896713615
10 0.8453125 0.15845070422535212 0.0703125 0.04460093896713615
10 0.8734375 0.4131455399061033 0.0765625 0.09624413145539906
5 0.0640625 0.01643192488262911 0.028125 0.03286384976525822
5 0.1296875 0.06338028169014084 0.034375 0.06103286384976526
5 0.1453125 0.02112676056338028 0.0328125 0.035211267605633804
5 0.2875 0.02112676056338028 0.040625 0.03286384976525822
5 0.2453125 0.09624413145539906 0.0421875 0.0539906103286385
5 0.265625 0.142018779342723 0.040625 0.04460093896713615
5 0.26875 0.1772300469483568 0.0234375 0.028169014084507043
5 0.1484375 0.09859154929577464 0.015625 0.07511737089201878
5 0.190625 0.07042253521126761 0.034375 0.051643192488262914
5 0.190625 0.1443661971830986 0.021875 0.06338028169014084
5 0.775 0.38967136150234744 0.053125 0.15492957746478872
5 0.459375 0.11737089201877934 0.040625 0.05868544600938967
5 0.4859375 0.16549295774647887 0.0390625 0.056338028169014086
5 0.3234375 0.2147887323943662 0.0328125 0.08450704225352113
5 0.284375 0.25938967136150237 0.034375 0.04460093896713615
5 0.365625 0.24530516431924881 0.0421875 0.07511737089201878
5 0.478125 0.3438967136150235 0.046875 0.07981220657276995
5 0.528125 0.32981220657276994 0.0296875 0.10093896713615023
5 0.4078125 0.4154929577464789 0.0390625 0.09859154929577464
2 0.8703125 0.6490610328638498 0.0625 0.12910798122065728
5 0.6125 0.35563380281690143 0.0515625 0.07276995305164319
17 0.0671875 0.9272300469483568 0.134375 0.13145539906103287
9 0.975 0.21009389671361503 0.0453125 0.15023474178403756
8 0.709375 0.2828638497652582 0.153125 0.18779342723004694
19 0.7765625 0.12793427230046947 0.15 0.1267605633802817
19 0.8890625 0.046948356807511735 0.13125 0.09154929577464789
23 0.8390625 0.2828638497652582 0.15 0.1431924882629108
5 0.0984375 0.18192488262910797 0.0375 0.06807511737089202
19 0.371875 0.12206572769953052 0.1171875 0.07981220657276995
14 0.9234375 0.17488262910798122 0.0640625 0.10093896713615023