19 0.7109375 0.9134328358208955 0.1421875 0.16119402985074627
19 0.90625 0.9611940298507463 0.1078125 0.06567164179104477
19 0.8640625 0.844776119402985 0.1421875 0.16119402985074627
19 0.6390625 0.7731343283582089 0.1125 0.23283582089552238
19 0.9390625 0.691044776119403 0.1140625 0.11940298507462686
19 0.815625 0.7149253731343284 0.1125 0.1373134328358209
19 0.596875 0.6164179104477612 0.0796875 0.07761194029850746
19 0.6203125 0.5417910447761194 0.0796875 0.05373134328358209
19 0.6953125 0.5597014925373134 0.0546875 0.14925373134328357
19 0.571875 0.48507462686567165 0.075 0.06567164179104477
19 0.5625 0.4253731343283582 0.0546875 0.050746268656716415
19 0.553125 0.3835820895522388 0.0484375 0.03582089552238806
19 0.5484375 0.35074626865671643 0.0359375 0.029850746268656716
19 0.8578125 0.49402985074626865 0.0421875 0.08358208955223881
19 0.8640625 0.5955223880597015 0.06875 0.10746268656716418
19 0.1953125 0.7522388059701492 0.1140625 0.16119402985074627
19 0.2890625 0.6402985074626866 0.0859375 0.13134328358208955
19 0.15625 0.5835820895522388 0.04375 0.07164179104477612
19 0.246875 0.5149253731343284 0.0515625 0.0955223880597015
19 0.5984375 0.3805970149253731 0.025 0.07462686567164178
19 0.02265625 0.9507462686567164 0.0453125 0.08656716417910448
19 0.4 0.6701492537313433 0.1015625 0.07761194029850746
19 0.390625 0.3208955223880597 0.025 0.06567164179104477
19 0.346875 0.282089552238806 0.01875 0.041791044776119404
19 0.321875 0.31492537313432833 0.0265625 0.03880597014925373
19 0.2953125 0.36268656716417913 0.0390625 0.04776119402985075
19 0.3796875 0.25522388059701495 0.01875 0.029850746268656716
19 0.4203125 0.25223880597014925 0.0296875 0.03283582089552239
19 0.2890625 0.25522388059701495 0.025 0.023880597014925373
19 0.3328125 0.4671641791044776 0.05625 0.04477611940298507
19 0.3390625 0.39850746268656717 0.03125 0.06567164179104477
19 0.3328125 0.9641791044776119 0.1640625 0.0626865671641791
19 0.55625 0.23582089552238805 0.0234375 0.020895522388059702
19 0.3171875 0.26119402985074625 0.0265625 0.014925373134328358
19 0.446875 0.23880597014925373 0.0171875 0.026865671641791045
19 0.90625 0.4164179104477612 0.0703125 0.05373134328358209
23 0.95625 0.5447761194029851 0.0796875 0.14626865671641792
23 0.7796875 0.5746268656716418 0.1 0.14626865671641792
23 0.784375 0.3686567164179104 0.040625 0.12238805970149254
10 0.8296875 0.4134328358208955 0.04375 0.0626865671641791
10 0.734375 0.45223880597014926 0.034375 0.06865671641791045
10 0.634375 0.3805970149253731 0.0359375 0.026865671641791045
10 0.5609375 0.3 0.0328125 0.029850746268656716
10 0.034375 0.7970149253731343 0.06875 0.21492537313432836
10 0.6015625 0.3328358208955224 0.034375 0.014925373134328358
3 0.546875 0.2 0.025 0.04477611940298507
3 0.0578125 0.4701492537313433 0.075 0.15223880597014924
2 0.2171875 0.6313432835820896 0.0421875 0.08059701492537313
2 0.54375 0.6462686567164179 0.021875 0.10746268656716418
2 0.8625 0.4134328358208955 0.01875 0.04776119402985075
3 0.3515625 0.817910447761194 0.14375 0.22388059701492538
2 0.2171875 0.31791044776119404 0.0171875 0.020895522388059702
2 0.2328125 0.30895522388059704 0.00625 0.03283582089552239
23 0.2578125 0.29701492537313434 0.0375 0.056716417910447764
17 0.2390625 0.23880597014925373 0.0515625 0.07462686567164178
17 0.31875 0.2 0.05 0.08656716417910448
17 0.3734375 0.19402985074626866 0.0515625 0.06567164179104477
17 0.09375 0.3417910447761194 0.134375 0.10149253731343283
22 0.1921875 0.3895522388059702 0.0953125 0.11641791044776119
8 0.278125 0.4223880597014925 0.075 0.06567164179104477
8 0.146875 0.49402985074626865 0.096875 0.08059701492537313
8 0.4265625 0.3537313432835821 0.046875 0.04776119402985075
23 0.440625 0.2880597014925373 0.0375 0.029850746268656716
8 0.3953125 0.4044776119402985 0.0703125 0.05373134328358209
23 0.396875 0.4791044776119403 0.0671875 0.05970149253731343
23 0.4015625 0.5716417910447761 0.084375 0.11641791044776119
23 0.1015625 0.6940298507462687 0.059375 0.20298507462686566
17 0.603125 0.24477611940298508 0.0640625 0.08955223880597014
17 0.6921875 0.3029850746268657 0.10625 0.1373134328358209
17 0.7671875 0.26119402985074625 0.034375 0.0626865671641791
17 0.690625 0.21194029850746268 0.059375 0.050746268656716415
17 0.6453125 0.18208955223880596 0.028125 0.056716417910447764
17 0.6140625 0.1701492537313433 0.03125 0.05373134328358209
17 0.5734375 0.16716417910447762 0.0265625 0.04477611940298507
17 0.59375 0.16417910447761194 0.009375 0.05373134328358209
12 0.675 0.44029850746268656 0.0765625 0.0955223880597015
23 0.453125 0.19402985074626866 0.0203125 0.029850746268656716
2 0.4625 0.2298507462686567 0.009375 0.026865671641791045
19 0.15 0.9104477611940298 0.1796875 0.16716417910447762