10 0.8875 0.8785046728971962 0.0859375 0.14719626168224298
10 0.35625 0.5584112149532711 0.015625 0.030373831775700934
19 0.21875 0.875 0.1171875 0.1378504672897196
19 0.6640625 0.7838785046728972 0.08125 0.10747663551401869
19 0.659375 0.6764018691588785 0.0515625 0.06074766355140187
19 0.3671875 0.6483644859813084 0.04375 0.04906542056074766
19 0.4203125 0.5957943925233645 0.028125 0.037383177570093455
19 0.4828125 0.530373831775701 0.0171875 0.018691588785046728
19 0.4015625 0.5420560747663551 0.01875 0.02102803738317757
19 0.553125 0.5981308411214953 0.021875 0.04906542056074766
19 0.4125 0.5093457943925234 0.0140625 0.014018691588785047
19 0.471875 0.4883177570093458 0.009375 0.011682242990654205
9 0.4015625 0.5233644859813084 0.015625 0.011682242990654205
2 0.38125 0.602803738317757 0.0125 0.0397196261682243
23 0.1734375 0.7021028037383178 0.071875 0.08411214953271028
19 0.0578125 0.655373831775701 0.0671875 0.04906542056074766
19 0.103125 0.6273364485981309 0.0421875 0.0397196261682243
19 0.2375 0.5700934579439252 0.0296875 0.030373831775700934
19 0.2625 0.5654205607476636 0.015625 0.02570093457943925
19 0.2359375 0.5467289719626168 0.03125 0.014018691588785047
5 0.053125 0.7161214953271028 0.0359375 0.0630841121495327
5 0.0203125 0.7348130841121495 0.0296875 0.06542056074766354
23 0.38125 0.7605140186915887 0.0671875 0.11214953271028037
2 0.53125 0.5163551401869159 0.0078125 0.016355140186915886
2 0.546875 0.5163551401869159 0.0046875 0.018691588785046728
3 0.4359375 0.5420560747663551 0.0203125 0.028037383177570093
17 0.509375 0.6074766355140186 0.0609375 0.1261682242990654
17 0.4296875 0.514018691588785 0.01875 0.02336448598130841
17 0.4359375 0.4929906542056075 0.01875 0.016355140186915886
17 0.4765625 0.4672897196261682 0.0078125 0.014018691588785047
11 0.4890625 0.4929906542056075 0.015625 0.03271028037383177
5 0.1671875 0.639018691588785 0.021875 0.053738317757009345
5 0.084375 0.6880841121495327 0.028125 0.06074766355140187