21 0.1296875 0.7164705882352941 0.1390625 0.15764705882352942
5 0.1 0.5988235294117648 0.065625 0.07529411764705882
5 0.159375 0.5517647058823529 0.05 0.08
5 0.2953125 0.5235294117647059 0.034375 0.07764705882352942
5 0.328125 0.49058823529411766 0.028125 0.06588235294117648
5 0.2203125 0.41058823529411764 0.0234375 0.04
5 0.4375 0.3588235294117647 0.009375 0.01647058823529412
5 0.421875 0.36823529411764705 0.0140625 0.023529411764705882
16 0.1828125 0.42470588235294116 0.015625 0.023529411764705882
5 0.234375 0.4623529411764706 0.0234375 0.03764705882352941
5 0.2234375 0.4976470588235294 0.025 0.05647058823529412
5 0.2 0.5070588235294118 0.028125 0.058823529411764705
5 0.3984375 0.3776470588235294 0.0234375 0.02823529411764706
8 0.5078125 0.6082352941176471 0.0734375 0.12705882352941175
9 0.6453125 0.6458823529411765 0.0703125 0.12470588235294118
19 0.634375 0.4388235294117647 0.034375 0.05176470588235294
16 0.5640625 0.42705882352941177 0.0296875 0.02823529411764706
10 0.9078125 0.7376470588235294 0.08125 0.1623529411764706
17 0.790625 0.6905882352941176 0.15625 0.35058823529411764
19 0.5734375 0.3635294117647059 0.021875 0.02588235294117647
3 0.625 0.34705882352941175 0.0171875 0.02588235294117647
5 0.6265625 0.3235294117647059 0.009375 0.004705882352941176
17 0.6078125 0.3164705882352941 0.0140625 0.02588235294117647
8 0.596875 0.34705882352941175 0.0171875 0.021176470588235293
8 0.5890625 0.3305882352941176 0.015625 0.009411764705882352
10 0.5890625 0.3 0.00625 0.009411764705882352
10 0.6015625 0.2952941176470588 0.0046875 0.007058823529411765
17 0.546875 0.3211764705882353 0.01875 0.01411764705882353
17 0.559375 0.2952941176470588 0.0109375 0.01647058823529412
5 0.5171875 0.32823529411764707 0.00625 0.01411764705882353
5 0.503125 0.33294117647058824 0.009375 0.01411764705882353
2 0.6359375 0.3423529411764706 0.0046875 0.01411764705882353