13 0.940625 0.8823529411764706 0.1125 0.2188235294117647
23 0.3625 0.8564705882352941 0.1140625 0.2611764705882353
19 0.2609375 0.6694117647058824 0.0921875 0.14352941176470588
10 0.1015625 0.6152941176470588 0.0703125 0.11764705882352941
10 0.190625 0.5964705882352941 0.0625 0.11294117647058824
9 0.3703125 0.5964705882352941 0.0609375 0.10588235294117647
10 0.925 0.6929411764705883 0.1078125 0.1411764705882353
2 0.81875 0.8070588235294117 0.0421875 0.10823529411764705
17 0.65625 0.6952941176470588 0.2859375 0.5270588235294118
19 0.765625 0.6035294117647059 0.103125 0.12470588235294118
16 0.775 0.5329411764705883 0.040625 0.05411764705882353
17 0.63125 0.39176470588235296 0.09375 0.12941176470588237
17 0.5640625 0.3847058823529412 0.065625 0.09411764705882353
10 0.4921875 0.46705882352941175 0.034375 0.08235294117647059
23 0.3921875 0.4929411764705882 0.046875 0.09176470588235294
10 0.31875 0.5117647058823529 0.05 0.09647058823529411
10 0.184375 0.4835294117647059 0.04375 0.07058823529411765
10 0.1734375 0.44588235294117645 0.0359375 0.0611764705882353
10 0.3015625 0.4717647058823529 0.0328125 0.07058823529411765
19 0.2578125 0.45294117647058824 0.05625 0.06352941176470588
19 0.2421875 0.4176470588235294 0.053125 0.05647058823529412
19 0.2078125 0.3988235294117647 0.0375 0.042352941176470586
19 0.48125 0.40588235294117647 0.028125 0.04
8 0.3875 0.4223529411764706 0.0375 0.04941176470588235
10 0.3359375 0.4294117647058823 0.0328125 0.06823529411764706
10 0.30625 0.41294117647058826 0.028125 0.042352941176470586
19 0.475 0.3635294117647059 0.0359375 0.042352941176470586
17 0.346875 0.3564705882352941 0.05 0.07764705882352942
17 0.2875 0.3352941176470588 0.0578125 0.07058823529411765
19 0.2453125 0.3517647058823529 0.025 0.03294117647058824
19 0.390625 0.3635294117647059 0.0328125 0.042352941176470586
19 0.3859375 0.3305882352941176 0.0265625 0.02588235294117647
17 0.31875 0.2741176470588235 0.0421875 0.05176470588235294
17 0.5671875 0.26235294117647057 0.0609375 0.03764705882352941
19 0.3859375 0.30941176470588233 0.0203125 0.01647058823529412