10 0.8828125 0.9156976744186046 0.1015625 0.15406976744186046
10 0.096875 0.7281976744186046 0.084375 0.12790697674418605
10 0.196875 0.5784883720930233 0.04375 0.08139534883720931
10 0.221875 0.5145348837209303 0.021875 0.05813953488372093
10 0.3578125 0.5406976744186046 0.034375 0.0755813953488372
10 0.3296875 0.5 0.025 0.06395348837209303
10 0.3203125 0.4563953488372093 0.021875 0.029069767441860465
10 0.3734375 0.45348837209302323 0.0265625 0.046511627906976744
10 0.4515625 0.4476744186046512 0.0203125 0.04941860465116279
10 0.434375 0.436046511627907 0.0125 0.0436046511627907
10 0.7578125 0.7398255813953488 0.0515625 0.14825581395348839
10 0.8171875 0.690406976744186 0.040625 0.08139534883720931
10 0.7859375 0.622093023255814 0.05 0.0436046511627907
10 0.6125 0.7688953488372093 0.034375 0.10174418604651163
7 0.55 0.5843023255813954 0.021875 0.061046511627906974
2 0.615625 0.45058139534883723 0.0140625 0.03488372093023256
5 0.6546875 0.4011627906976744 0.015625 0.040697674418604654
17 0.603125 0.36773255813953487 0.01875 0.0436046511627907
2 0.5921875 0.34738372093023256 0.00625 0.01744186046511628
5 0.8515625 0.7805232558139535 0.0453125 0.11627906976744186
5 0.80625 0.8473837209302325 0.04375 0.19476744186046513
19 0.7015625 0.4941860465116279 0.0421875 0.061046511627906974
10 0.5359375 0.34156976744186046 0.009375 0.01744186046511628
17 0.5171875 0.3706395348837209 0.025 0.046511627906976744
5 0.49375 0.373546511627907 0.0109375 0.029069767441860465
5 0.453125 0.40406976744186046 0.015625 0.0377906976744186
17 0.40625 0.4127906976744186 0.04375 0.06395348837209303
12 0.2546875 0.5465116279069767 0.0421875 0.09011627906976744
5 0.153125 0.5959302325581395 0.0390625 0.06976744186046512
19 0.0796875 0.625 0.0953125 0.08139534883720931
2 0.9515625 0.751453488372093 0.04375 0.0872093023255814
2 0.9234375 0.7078488372093024 0.0296875 0.07848837209302326
2 0.8515625 0.6991279069767442 0.0265625 0.05813953488372093
2 0.8078125 0.561046511627907 0.0125 0.05232558139534884