19 0.634375 0.7932432432432432 0.1875 0.22432432432432434
17 0.4453125 0.7148648648648649 0.0375 0.043243243243243246
19 0.3828125 0.7554054054054054 0.05625 0.07567567567567568
3 0.36875 0.7067567567567568 0.0421875 0.01891891891891892
10 0.15625 0.7554054054054054 0.04375 0.0945945945945946
3 0.2328125 0.7202702702702702 0.0578125 0.14594594594594595
10 0.2765625 0.7283783783783784 0.009375 0.021621621621621623
10 0.26875 0.731081081081081 0.0078125 0.021621621621621623
8 0.284375 0.7283783783783784 0.0046875 0.010810810810810811
17 0.334375 0.7148648648648649 0.0265625 0.0945945945945946
17 0.30625 0.7121621621621622 0.0265625 0.07837837837837838