17 0.7953125 0.7591240875912408 0.2171875 0.1362530413625304
17 0.578125 0.8029197080291971 0.1671875 0.13381995133819952
17 0.384375 0.8369829683698297 0.2109375 0.13381995133819952
17 0.034375 0.829683698296837 0.0671875 0.1435523114355231
3 0.0390625 0.6995133819951338 0.075 0.1362530413625304
12 0.046875 0.5681265206812652 0.0703125 0.13138686131386862
23 0.1046875 0.4732360097323601 0.0484375 0.12165450121654502
19 0.3359375 0.5924574209245742 0.071875 0.0827250608272506
12 0.2546875 0.5024330900243309 0.075 0.09975669099756691
17 0.409375 0.524330900243309 0.153125 0.11435523114355231
17 0.5359375 0.4659367396593674 0.140625 0.0705596107055961
17 0.6875 0.5413625304136253 0.1671875 0.08759124087591241
21 0.0921875 0.3175182481751825 0.0453125 0.09245742092457421
3 0.1875 0.3515815085158151 0.0421875 0.09732360097323602
17 0.278125 0.4172749391727494 0.1 0.17274939172749393
17 0.1390625 0.21654501216545013 0.0484375 0.18248175182481752
17 0.1859375 0.22871046228710462 0.0375 0.12408759124087591
17 0.221875 0.1435523114355231 0.0375 0.12408759124087591
17 0.26875 0.06326034063260341 0.059375 0.058394160583941604
17 0.253125 0.01824817518248175 0.053125 0.0364963503649635
17 0.3328125 0.13381995133819952 0.1015625 0.10462287104622871
17 0.4125 0.24574209245742093 0.0828125 0.12652068126520682
19 0.1640625 0.07542579075425791 0.028125 0.05596107055961071
12 0.1359375 0.11192214111922141 0.0296875 0.0364963503649635
17 0.046875 0.06326034063260341 0.09375 0.12408759124087591
10 0.18125 0.012165450121654502 0.0234375 0.024330900243309004
17 0.7 0.4683698296836983 0.1359375 0.06082725060827251
17 0.5234375 0.3418491484184915 0.125 0.1678832116788321
17 0.6625 0.38564476885644766 0.1484375 0.10948905109489052
17 0.86875 0.5097323600973236 0.1328125 0.09732360097323602
17 0.93125 0.4416058394160584 0.134375 0.06569343065693431
17 0.9546875 0.3953771289537713 0.0859375 0.0364963503649635
17 0.965625 0.5218978102189781 0.0640625 0.09975669099756691
5 0.15625 0.3515815085158151 0.03125 0.051094890510948905
5 0.171875 0.4854014598540146 0.034375 0.04866180048661801
5 0.190625 0.043795620437956206 0.015625 0.0413625304136253
5 0.2203125 0.051094890510948905 0.0203125 0.043795620437956206
5 0.309375 0.06082725060827251 0.015625 0.0364963503649635
5 0.190625 0.1435523114355231 0.021875 0.0340632603406326
5 0.2390625 0.9099756690997567 0.0484375 0.051094890510948905
16 0.1 0.694647201946472 0.021875 0.05596107055961071
5 0.2125 0.9464720194647201 0.0546875 0.07785888077858881
5 0.2578125 0.6849148418491484 0.0359375 0.051094890510948905
5 0.309375 0.6727493917274939 0.04375 0.043795620437956206
5 0.2953125 0.6338199513381995 0.0625 0.0364963503649635
5 0.23125 0.5851581508515815 0.034375 0.07785888077858881
5 0.2609375 0.5997566909975669 0.0234375 0.046228710462287104
5 0.2953125 0.5389294403892944 0.028125 0.0267639902676399
5 0.3109375 0.3613138686131387 0.0234375 0.0705596107055961
5 0.3328125 0.3686131386861314 0.01875 0.058394160583941604
5 0.346875 0.33941605839416056 0.0203125 0.04866180048661801
5 0.265625 0.3126520681265207 0.028125 0.06082725060827251
5 0.28125 0.27858880778588807 0.025 0.058394160583941604
5 0.3859375 0.6143552311435523 0.03125 0.031630170316301706
5 0.3796875 0.5705596107055961 0.03125 0.05596107055961071
5 0.365625 0.3661800486618005 0.0171875 0.0413625304136253
5 0.3875 0.38321167883211676 0.01875 0.051094890510948905
5 0.4125 0.3905109489051095 0.0234375 0.072992700729927
5 0.4359375 0.38077858880778587 0.01875 0.058394160583941604
5 0.4265625 0.33941605839416056 0.0234375 0.019464720194647202
5 0.5453125 0.9051094890510949 0.05625 0.06082725060827251
16 0.4984375 0.9245742092457421 0.0359375 0.043795620437956206
5 0.41875 0.6338199513381995 0.0328125 0.043795620437956206
5 0.4609375 0.6143552311435523 0.0359375 0.046228710462287104
5 0.509375 0.621654501216545 0.0484375 0.051094890510948905
5 0.4046875 0.4440389294403893 0.040625 0.0340632603406326
5 0.4328125 0.451338199513382 0.025 0.029197080291970802
5 0.55625 0.6265206812652068 0.0390625 0.04866180048661801
5 0.53125 0.5875912408759124 0.0359375 0.031630170316301706
2 0.51875 0.5340632603406326 0.0328125 0.021897810218978103
5 0.5375 0.5608272506082725 0.025 0.0413625304136253
5 0.5765625 0.5851581508515815 0.0359375 0.038929440389294405
5 0.5609375 0.5291970802919708 0.04375 0.0364963503649635
5 0.6109375 0.6021897810218978 0.040625 0.038929440389294405
5 0.64375 0.6021897810218978 0.0171875 0.04866180048661801
5 0.671875 0.6289537712895377 0.040625 0.04866180048661801
5 0.7125 0.6386861313868614 0.0359375 0.0535279805352798
5 0.75625 0.6313868613138686 0.0453125 0.0535279805352798
5 0.7828125 0.5681265206812652 0.0171875 0.0535279805352798
5 0.7984375 0.6313868613138686 0.0359375 0.051094890510948905
5 0.7890625 0.5875912408759124 0.0203125 0.0267639902676399
5 0.8390625 0.6313868613138686 0.0359375 0.04866180048661801
5 0.95 0.6240875912408759 0.0265625 0.038929440389294405
5 0.984375 0.6167883211678832 0.025 0.0535279805352798
5 0.8234375 0.5827250608272506 0.0296875 0.031630170316301706
5 0.7859375 0.4975669099756691 0.025 0.05596107055961071
5 0.7765625 0.4367396593673966 0.021875 0.051094890510948905
5 0.940625 0.5802919708029197 0.0203125 0.043795620437956206
5 0.9109375 0.6021897810218978 0.0234375 0.038929440389294405
5 0.8984375 0.5632603406326034 0.0234375 0.0340632603406326
5 0.85625 0.5608272506082725 0.0171875 0.029197080291970802
10 0.875 0.5948905109489051 0.0515625 0.046228710462287104
5 0.6171875 0.4586374695863747 0.01875 0.043795620437956206
5 0.796875 0.4586374695863747 0.0125 0.031630170316301706