2 0.7078125 0.7136871508379888 0.0359375 0.10614525139664804
10 0.6078125 0.4441340782122905 0.028125 0.06983240223463687
10 0.575 0.5139664804469274 0.0359375 0.0893854748603352
10 0.525 0.5782122905027933 0.040625 0.10893854748603352
10 0.478125 0.5307262569832403 0.0421875 0.09776536312849161
10 0.4171875 0.33379888268156427 0.01875 0.027932960893854747
10 0.4140625 0.3729050279329609 0.0109375 0.04189944134078212
10 0.4296875 0.3756983240223464 0.01875 0.036312849162011177
19 0.5359375 0.4106145251396648 0.0296875 0.04748603351955307
19 0.346875 0.5335195530726257 0.0671875 0.07541899441340782
19 0.4203125 0.42178770949720673 0.0375 0.05027932960893855
19 0.4671875 0.35893854748603354 0.025 0.036312849162011177
19 0.5578125 0.2751396648044693 0.0109375 0.019553072625698324
10 0.5125 0.29748603351955305 0.0046875 0.019553072625698324
3 0.475 0.29748603351955305 0.0140625 0.030726256983240222