10 0.5640625 0.8645251396648045 0.0796875 0.1787709497206704
19 0.7953125 0.9217877094972067 0.109375 0.13687150837988826
19 0.9578125 0.9441340782122905 0.0796875 0.09217877094972067
19 0.95 0.8589385474860335 0.0953125 0.12569832402234637
23 0.803125 0.7695530726256983 0.096875 0.17318435754189945
10 0.9296875 0.7779329608938548 0.0734375 0.14804469273743018
3 0.9109375 0.6801675977653632 0.1 0.17318435754189945
19 0.7421875 0.7527932960893855 0.0375 0.1340782122905028
17 0.5921875 0.6522346368715084 0.146875 0.4720670391061452
3 0.6796875 0.7053072625698324 0.0265625 0.15921787709497207
23 0.8234375 0.6522346368715084 0.071875 0.09776536312849161
23 0.759375 0.6256983240223464 0.071875 0.12011173184357542
10 0.8421875 0.5810055865921788 0.046875 0.055865921787709494
10 0.7921875 0.547486033519553 0.040625 0.05307262569832402
10 0.7515625 0.5502793296089385 0.04375 0.0335195530726257
10 0.7140625 0.5614525139664804 0.028125 0.10614525139664804
3 0.6828125 0.5837988826815642 0.028125 0.1005586592178771
19 0.7546875 0.48324022346368717 0.0453125 0.06424581005586592
19 0.690625 0.4664804469273743 0.04375 0.07541899441340782
10 0.7265625 0.41620111731843573 0.0296875 0.08100558659217877
10 0.7953125 0.36731843575418993 0.034375 0.0670391061452514
3 0.7546875 0.36731843575418993 0.05625 0.13687150837988826
3 0.6421875 0.39106145251396646 0.046875 0.05027932960893855
2 0.703125 0.388268156424581 0.015625 0.0446927374301676
19 0.696875 0.35335195530726254 0.0390625 0.05865921787709497
17 0.721875 0.30027932960893855 0.046875 0.06983240223463687
17 0.61875 0.35614525139664804 0.0578125 0.12290502793296089
17 0.6953125 0.24162011173184358 0.0359375 0.0446927374301676
19 0.6703125 0.34217877094972066 0.021875 0.055865921787709494
3 0.0765625 0.9217877094972067 0.153125 0.1340782122905028
4 0.1578125 0.8337988826815642 0.1953125 0.30726256983240224
19 0.2765625 0.8058659217877095 0.0609375 0.1452513966480447
19 0.3671875 0.6857541899441341 0.0828125 0.12011173184357542
19 0.371875 0.6005586592178771 0.0703125 0.06424581005586592
8 0.253125 0.6885474860335196 0.0921875 0.08100558659217877
19 0.2859375 0.6689944134078212 0.0578125 0.09776536312849161
3 0.2796875 0.5307262569832403 0.0640625 0.07541899441340782
8 0.275 0.5977653631284916 0.071875 0.061452513966480445
19 0.3609375 0.5782122905027933 0.059375 0.0670391061452514
19 0.0296875 0.797486033519553 0.059375 0.07262569832402235
10 0.034375 0.7388268156424581 0.0578125 0.08100558659217877
23 0.1484375 0.6438547486033519 0.08125 0.055865921787709494
19 0.02578125 0.6857541899441341 0.0515625 0.0670391061452514
19 0.071875 0.6438547486033519 0.071875 0.06424581005586592
19 0.0203125 0.5893854748603352 0.040625 0.07262569832402235
19 0.0921875 0.5977653631284916 0.0640625 0.027932960893854747
23 0.1796875 0.61731843575419 0.0734375 0.06983240223463687
3 0.1765625 0.5586592178770949 0.0609375 0.05307262569832402
19 0.225 0.5726256983240223 0.0328125 0.08379888268156424
19 0.334375 0.5335195530726257 0.0453125 0.0782122905027933
19 0.6453125 0.22486033519553073 0.0140625 0.027932960893854747
3 0.040625 0.5139664804469274 0.0609375 0.12569832402234637
10 0.0984375 0.5391061452513967 0.046875 0.08379888268156424
10 0.1796875 0.5027932960893855 0.040625 0.030726256983240222
23 0.1234375 0.4748603351955307 0.0640625 0.08100558659217877
8 0.1828125 0.46368715083798884 0.0515625 0.05027932960893855
17 0.1453125 0.38268156424581007 0.1171875 0.09217877094972067
10 0.290625 0.4329608938547486 0.03125 0.0335195530726257
17 0.3125 0.35893854748603354 0.0640625 0.08100558659217877
17 0.375 0.2723463687150838 0.0453125 0.06983240223463687