3 0.459375 0.19904076738609114 0.0375 0.050359712230215826
3 0.4875 0.17985611510791366 0.021875 0.03357314148681055
17 0.5234375 0.04316546762589928 0.025 0.019184652278177457
23 0.4953125 0.2745803357314149 0.0140625 0.04316546762589928
5 0.4796875 0.26019184652278177 0.0140625 0.02158273381294964
5 0.7953125 0.9424460431654677 0.0484375 0.09832134292565947
5 0.8703125 0.9544364508393285 0.0640625 0.06954436450839328
5 0.884375 0.8992805755395683 0.04375 0.0671462829736211
5 0.90625 0.8513189448441247 0.059375 0.05515587529976019
5 0.603125 0.7793764988009593 0.0390625 0.07434052757793765
5 0.4625 0.9808153477218226 0.0421875 0.03117505995203837
5 0.1125 0.7062350119904077 0.015625 0.09112709832134293
5 0.859375 0.7649880095923262 0.0375 0.07913669064748201
5 0.9609375 0.658273381294964 0.0328125 0.045563549160671464
5 0.9203125 0.7134292565947242 0.040625 0.05995203836930456
5 0.8984375 0.6390887290167866 0.0328125 0.045563549160671464
5 0.6953125 0.6390887290167866 0.034375 0.05995203836930456
5 0.74375 0.5671462829736211 0.0296875 0.06235011990407674
5 0.94375 0.4520383693045564 0.028125 0.04316546762589928
5 0.95 0.6127098321342925 0.0328125 0.050359712230215826
5 0.8328125 0.617505995203837 0.028125 0.02877697841726619
5 0.940625 0.3824940047961631 0.01875 0.03597122302158273
5 0.971875 0.3872901678657074 0.021875 0.02158273381294964
5 0.9203125 0.4088729016786571 0.0140625 0.02158273381294964
5 0.971875 0.30815347721822545 0.0203125 0.026378896882494004
5 0.903125 0.23741007194244604 0.0171875 0.019184652278177457
5 0.9328125 0.2158273381294964 0.0125 0.019184652278177457
5 0.9296875 0.2697841726618705 0.0046875 0.016786570743405275
5 0.6921875 0.2673860911270983 0.0171875 0.026378896882494004
5 0.315625 0.526378896882494 0.0328125 0.03117505995203837
5 0.3203125 0.4856115107913669 0.0296875 0.03836930455635491
5 0.3453125 0.45443645083932854 0.0296875 0.03597122302158273
5 0.396875 0.420863309352518 0.0234375 0.050359712230215826
5 0.465625 0.511990407673861 0.0328125 0.03117505995203837
5 0.440625 0.5239808153477218 0.028125 0.02158273381294964
17 0.6546875 0.03836930455635491 0.059375 0.019184652278177457
17 0.6484375 0.07434052757793765 0.0328125 0.023980815347721823
17 0.6890625 0.06235011990407674 0.028125 0.03357314148681055
17 0.71875 0.06474820143884892 0.025 0.014388489208633094
11 0.7296875 0.08393285371702638 0.034375 0.007194244604316547
11 0.7578125 0.1223021582733813 0.040625 0.06235011990407674
17 0.7921875 0.1774580335731415 0.04375 0.047961630695443645
22 0.8296875 0.5383693045563549 0.059375 0.11750599520383694
22 0.8875 0.45443645083932854 0.0390625 0.0815347721822542
22 0.775 0.7038369304556354 0.0875 0.15587529976019185
3 0.515625 0.920863309352518 0.084375 0.11990407673860912
3 0.9796875 0.43285371702637887 0.0359375 0.06235011990407674
5 0.9359375 0.5023980815347722 0.025 0.03117505995203837
3 0.975 0.5551558752997602 0.046875 0.08393285371702638
5 0.9234375 0.5815347721822542 0.015625 0.05515587529976019
10 0.778125 0.5863309352517986 0.0390625 0.05755395683453238
5 0.840625 0.6798561151079137 0.0234375 0.04316546762589928
5 0.8625 0.7086330935251799 0.028125 0.03597122302158273
19 0.9765625 0.7446043165467626 0.0421875 0.12470023980815348
22 0.9453125 0.34652278177458035 0.040625 0.045563549160671464
3 0.8359375 0.44244604316546765 0.0546875 0.0815347721822542
3 0.8875 0.3273381294964029 0.046875 0.050359712230215826
3 0.88125 0.24700239808153476 0.025 0.023980815347721823
3 0.9140625 0.20863309352517986 0.021875 0.03357314148681055
3 0.6734375 0.9112709832134293 0.184375 0.16786570743405277
12 0.6609375 0.8009592326139089 0.065625 0.047961630695443645
2 0.0234375 0.9688249400479616 0.04375 0.05515587529976019
19 0.0453125 0.7697841726618705 0.090625 0.0671462829736211
19 0.053125 0.8609112709832134 0.10625 0.1223021582733813
19 0.1359375 0.7889688249400479 0.1 0.08633093525179857
12 0.134375 0.9544364508393285 0.1359375 0.08393285371702638
21 0.215625 0.8105515587529976 0.05 0.06474820143884892
21 0.321875 0.6007194244604317 0.0453125 0.12470023980815348
21 0.3265625 0.6822541966426858 0.090625 0.07434052757793765
17 0.2 0.6462829736211031 0.1609375 0.18705035971223022
17 0.3375 0.8465227817745803 0.2078125 0.28776978417266186
17 0.4859375 0.6390887290167866 0.2109375 0.2517985611510791
19 0.3640625 0.5839328537170264 0.0375 0.08393285371702638
19 0.39375 0.5143884892086331 0.0625 0.05755395683453238
10 0.4359375 0.46402877697841727 0.040625 0.06954436450839328
17 0.4671875 0.37050359712230213 0.0828125 0.11750599520383694
17 0.525 0.447242206235012 0.03125 0.12709832134292565
17 0.55625 0.2745803357314149 0.103125 0.08393285371702638
17 0.6375 0.19904076738609114 0.059375 0.06474820143884892
17 0.65625 0.12949640287769784 0.0359375 0.03597122302158273
17 0.6515625 0.09592326139088729 0.03125 0.016786570743405275
17 0.70625 0.12470023980815348 0.04375 0.05515587529976019
3 0.73125 0.17266187050359713 0.0390625 0.03836930455635491
3 0.684375 0.20623501199040767 0.025 0.03836930455635491
3 0.7359375 0.23501199040767387 0.0328125 0.02877697841726619
0 0.721875 0.26498800959232616 0.040625 0.03357314148681055
5 0.621875 0.11270983213429256 0.0109375 0.011990407673860911
10 0.5859375 0.2278177458033573 0.025 0.026378896882494004
3 0.65625 0.30815347721822545 0.05625 0.03597122302158273
17 0.7375 0.3513189448441247 0.0625 0.13908872901678657
3 0.7765625 0.34172661870503596 0.0140625 0.07194244604316546
17 0.778125 0.24940047961630696 0.0515625 0.06235011990407674
17 0.675 0.42805755395683454 0.0609375 0.17985611510791366
17 0.6140625 0.4904076738609113 0.10625 0.19184652278177458
3 0.409375 0.5695443645083933 0.0453125 0.03597122302158273
3 0.209375 0.4904076738609113 0.075 0.05995203836930456
3 0.621875 0.06474820143884892 0.0234375 0.03117505995203837
22 0.8671875 0.18705035971223022 0.028125 0.03117505995203837