12 0.1796875 0.4688385269121813 0.065625 0.0708215297450425
2 0.165625 0.5169971671388102 0.0203125 0.042492917847025496
11 0.353125 0.37535410764872523 0.0703125 0.06232294617563739
2 0.3640625 0.4121813031161473 0.0171875 0.0226628895184136
11 0.125 0.9461756373937678 0.25 0.08781869688385269
11 0.1234375 0.7705382436260623 0.246875 0.34844192634560905
11 0.303125 0.6784702549575071 0.1171875 0.24645892351274787
11 0.4453125 0.6586402266288952 0.1265625 0.23796033994334279
11 0.4796875 0.5084985835694051 0.1015625 0.14730878186968838
11 0.45625 0.4745042492917847 0.0921875 0.15864022662889518
11 0.540625 0.4773371104815864 0.059375 0.15864022662889518
11 0.66875 0.40368271954674223 0.0625 0.11614730878186968
11 0.6015625 0.415014164305949 0.05 0.11898016997167139
11 0.546875 0.37535410764872523 0.05625 0.042492917847025496
11 0.709375 0.3923512747875354 0.0234375 0.0679886685552408
11 0.73125 0.3668555240793201 0.0328125 0.07932011331444759
11 0.7578125 0.3526912181303116 0.025 0.0708215297450425
11 0.784375 0.3413597733711048 0.025 0.059490084985835696
11 0.83125 0.32152974504249293 0.034375 0.06232294617563739