19 0.8296875 0.8204225352112676 0.11875 0.17370892018779344
19 0.9453125 0.9671361502347418 0.10625 0.046948356807511735
19 0.9734375 0.789906103286385 0.05 0.15023474178403756
19 0.9453125 0.6866197183098591 0.103125 0.1267605633802817
12 0.921875 0.5868544600938967 0.071875 0.1056338028169014
23 0.7453125 0.5586854460093896 0.0828125 0.13849765258215962
10 0.95 0.5352112676056338 0.0515625 0.10093896713615023
19 0.678125 0.5 0.06875 0.08450704225352113
19 0.7859375 0.5023474178403756 0.0625 0.0892018779342723
17 0.8328125 0.4154929577464789 0.103125 0.1643192488262911
19 0.725 0.42488262910798125 0.0484375 0.07746478873239436
12 0.9234375 0.3415492957746479 0.071875 0.056338028169014086
17 0.778125 0.36971830985915494 0.05 0.11971830985915492
12 0.6953125 0.3873239436619718 0.0546875 0.07746478873239436
23 0.625 0.38967136150234744 0.0546875 0.08215962441314555
19 0.65625 0.3755868544600939 0.0234375 0.05868544600938967
19 0.7421875 0.3532863849765258 0.0234375 0.046948356807511735
19 0.625 0.3368544600938967 0.0390625 0.035211267605633804
12 0.6828125 0.3274647887323944 0.040625 0.046948356807511735
17 0.8078125 0.30164319248826293 0.059375 0.051643192488262914
2 0.71875 0.31103286384976525 0.0125 0.03051643192488263
17 0.803125 0.23591549295774647 0.0484375 0.03755868544600939
17 0.71875 0.22887323943661972 0.05 0.04225352112676056
12 0.69375 0.27816901408450706 0.028125 0.04225352112676056
17 0.6625 0.24530516431924881 0.0390625 0.06338028169014084
17 0.48125 0.20774647887323944 0.0515625 0.046948356807511735
17 0.390625 0.21713615023474178 0.0390625 0.046948356807511735
17 0.346875 0.22183098591549297 0.0546875 0.056338028169014086
17 0.446875 0.25234741784037557 0.040625 0.06103286384976526
17 0.315625 0.2687793427230047 0.05 0.04460093896713615
12 0.421875 0.2312206572769953 0.0234375 0.028169014084507043
19 0.4921875 0.2476525821596244 0.0140625 0.028169014084507043
12 0.528125 0.24530516431924881 0.0234375 0.03051643192488263
23 0.359375 0.27582159624413144 0.0296875 0.028169014084507043
23 0.4125 0.2711267605633803 0.0390625 0.025821596244131457
3 0.384375 0.26173708920187794 0.0234375 0.025821596244131457
23 0.4609375 0.2711267605633803 0.0296875 0.025821596244131457
23 0.375 0.2875586854460094 0.03125 0.025821596244131457
19 0.515625 0.2664319248826291 0.0234375 0.018779342723004695
3 0.521875 0.2992957746478873 0.0375 0.035211267605633804
19 0.4953125 0.2992957746478873 0.0125 0.025821596244131457
17 0.23125 0.31338028169014087 0.08125 0.0539906103286385
17 0.2921875 0.29694835680751175 0.015625 0.056338028169014086
17 0.278125 0.3274647887323944 0.01875 0.08685446009389672
17 0.384375 0.3438967136150235 0.0703125 0.07276995305164319
19 0.340625 0.36502347417840375 0.0140625 0.03990610328638498
19 0.4578125 0.38028169014084506 0.040625 0.0539906103286385
3 0.5125 0.36502347417840375 0.0625 0.09154929577464789
0 0.5265625 0.4131455399061033 0.05625 0.0892018779342723
23 0.4125 0.3873239436619718 0.0515625 0.04460093896713615
12 0.3078125 0.4272300469483568 0.0515625 0.07511737089201878
19 0.321875 0.44366197183098594 0.059375 0.03990610328638498
19 0.3671875 0.4225352112676056 0.0484375 0.06103286384976526
19 0.3171875 0.38497652582159625 0.046875 0.04225352112676056
8 0.4203125 0.4272300469483568 0.0546875 0.05868544600938967
19 0.390625 0.4694835680751174 0.053125 0.06338028169014084
17 0.1578125 0.3673708920187793 0.0328125 0.06338028169014084
17 0.228125 0.3755868544600939 0.109375 0.07981220657276995
17 0.225 0.4671361502347418 0.0984375 0.12441314553990611
8 0.328125 0.5234741784037559 0.0765625 0.0892018779342723
19 0.3203125 0.4647887323943662 0.0625 0.04460093896713615
8 0.296875 0.5727699530516432 0.090625 0.09624413145539906
17 0.1078125 0.42018779342723006 0.1140625 0.08215962441314555
17 0.13125 0.49765258215962443 0.121875 0.11032863849765258
17 0.16875 0.6302816901408451 0.1328125 0.24178403755868544
10 0.3953125 0.5563380281690141 0.05625 0.07276995305164319
10 0.4203125 0.539906103286385 0.0515625 0.07511737089201878
23 0.4265625 0.5234741784037559 0.071875 0.09624413145539906
19 0.4953125 0.44835680751173707 0.0546875 0.06103286384976526
19 0.50625 0.4765258215962441 0.05625 0.06807511737089202
19 0.53125 0.48826291079812206 0.0625 0.03755868544600939
19 0.521875 0.5140845070422535 0.0671875 0.04225352112676056
8 0.515625 0.5938967136150235 0.0875 0.1056338028169014
19 0.4109375 0.5985915492957746 0.08125 0.0539906103286385
19 0.278125 0.6244131455399061 0.084375 0.09389671361502347
19 0.3359375 0.67018779342723 0.0515625 0.09389671361502347
19 0.465625 0.6631455399061033 0.0859375 0.09624413145539906
23 0.3828125 0.7147887323943662 0.1015625 0.15492957746478872
3 0.509375 0.75 0.11875 0.19953051643192488
19 0.5828125 0.721830985915493 0.0265625 0.12910798122065728
19 0.5578125 0.8779342723004695 0.128125 0.1572769953051643
19 0.5890625 0.9460093896713615 0.14375 0.09389671361502347
19 0.38125 0.92018779342723 0.1328125 0.13615023474178403
8 0.2109375 0.7570422535211268 0.1140625 0.15023474178403756
3 0.28125 0.8204225352112676 0.1296875 0.2300469483568075
10 0.0375 0.4812206572769953 0.0625 0.03755868544600939
19 0.0390625 0.5234741784037559 0.0625 0.04225352112676056
19 0.03125 0.5633802816901409 0.0625 0.04929577464788732
8 0.015625 0.607981220657277 0.03125 0.0892018779342723
10 0.0609375 0.642018779342723 0.0640625 0.11737089201877934
19 0.02421875 0.7089201877934272 0.0484375 0.11032863849765258
19 0.0078125 0.789906103286385 0.015625 0.12910798122065728
19 0.10625 0.8802816901408451 0.1140625 0.13849765258215962
10 0.0546875 0.9248826291079812 0.0984375 0.13615023474178403
19 0.2640625 0.971830985915493 0.134375 0.04225352112676056