9 0.515625 0.9719334719334719 0.125 0.04781704781704782
10 0.328125 0.8544698544698545 0.075 0.158004158004158
10 0.2953125 0.7733887733887734 0.0640625 0.11850311850311851
10 0.425 0.6247401247401247 0.0359375 0.062370062370062374
10 0.3859375 0.6122661122661123 0.0375 0.06652806652806653
10 0.33125 0.6143451143451143 0.0390625 0.06860706860706861
10 0.3296875 0.5706860706860707 0.028125 0.02702702702702703
19 0.2375 0.6954261954261954 0.084375 0.07276507276507277
19 0.1296875 0.6018711018711018 0.0875 0.04781704781704782
19 0.49375 0.7120582120582121 0.0703125 0.08731808731808732
3 0.4171875 0.7411642411642412 0.0875 0.17255717255717257
2 0.259375 0.5831600831600832 0.0171875 0.033264033264033266
2 0.3125 0.5540540540540541 0.0125 0.02702702702702703
2 0.33125 0.5166320166320166 0.009375 0.02286902286902287
12 0.2515625 0.5166320166320166 0.0421875 0.04158004158004158
19 0.375 0.5353430353430353 0.034375 0.04573804573804574
19 0.425 0.5228690228690228 0.03125 0.037422037422037424
19 0.3765625 0.48544698544698545 0.025 0.029106029106029108
8 0.428125 0.4916839916839917 0.028125 0.031185031185031187
19 0.43125 0.46673596673596673 0.0203125 0.018711018711018712
1 0.3921875 0.4604989604989605 0.0203125 0.02702702702702703
19 0.4171875 0.448024948024948 0.0140625 0.014553014553014554
19 0.4015625 0.44594594594594594 0.0125 0.016632016632016633
19 0.428125 0.4397089397089397 0.0125 0.012474012474012475
19 0.4375 0.43347193347193347 0.0125 0.012474012474012475
17 0.4 0.4106029106029106 0.0140625 0.02079002079002079
5 0.771875 0.9438669438669439 0.1328125 0.10602910602910603
2 0.6921875 0.9126819126819127 0.0390625 0.08731808731808732
2 0.671875 0.8482328482328483 0.0390625 0.0893970893970894
19 0.8234375 0.8627858627858628 0.1796875 0.17671517671517672
19 0.9765625 0.9417879417879418 0.0390625 0.1101871101871102
12 0.871875 0.7775467775467776 0.1734375 0.1891891891891892
19 0.959375 0.7962577962577962 0.0765625 0.14345114345114346
3 0.70625 0.6995841995841996 0.1078125 0.16632016632016633
19 0.621875 0.66008316008316 0.0578125 0.08523908523908524
0 0.6 0.5997920997920998 0.046875 0.079002079002079
23 0.5546875 0.5686070686070686 0.046875 0.07276507276507277
19 0.6546875 0.5914760914760915 0.0578125 0.04781704781704782
10 0.9515625 0.685031185031185 0.071875 0.08316008316008316
17 0.9453125 0.6164241164241164 0.10625 0.13721413721413722
9 0.8578125 0.685031185031185 0.1140625 0.08316008316008316
19 0.853125 0.6372141372141372 0.090625 0.06652806652806653
19 0.7703125 0.6912681912681913 0.05625 0.09771309771309772
19 0.759375 0.6330561330561331 0.08125 0.07068607068607069
10 0.7890625 0.606029106029106 0.046875 0.06860706860706861
10 0.86875 0.606029106029106 0.046875 0.056133056133056136
10 0.8703125 0.5706860706860707 0.04375 0.02702702702702703
19 0.7109375 0.5893970893970893 0.05625 0.05405405405405406
17 0.778125 0.5478170478170478 0.121875 0.1101871101871102
3 0.5953125 0.5436590436590436 0.0484375 0.04158004158004158
3 0.6640625 0.5540540540540541 0.0453125 0.04781704781704782
19 0.6984375 0.5415800415800416 0.0375 0.037422037422037424
0 0.7 0.5187110187110187 0.034375 0.037422037422037424
19 0.6265625 0.5353430353430353 0.0359375 0.04158004158004158
23 0.6609375 0.5103950103950103 0.0421875 0.031185031185031187
23 0.603125 0.5041580041580042 0.0359375 0.037422037422037424
19 0.6296875 0.502079002079002 0.0234375 0.029106029106029108
23 0.5421875 0.5311850311850311 0.034375 0.0395010395010395
19 0.56875 0.5187110187110187 0.03125 0.035343035343035345
19 0.6734375 0.4875259875259875 0.0328125 0.016632016632016633
10 0.65625 0.4792099792099792 0.0203125 0.02494802494802495
19 0.5015625 0.5124740124740125 0.015625 0.031185031185031187
23 0.546875 0.49584199584199584 0.0296875 0.031185031185031187
10 0.634375 0.4792099792099792 0.01875 0.018711018711018712
19 0.575 0.4896049896049896 0.021875 0.02079002079002079
17 0.6125 0.4625779625779626 0.0484375 0.037422037422037424
12 0.503125 0.47713097713097713 0.021875 0.02286902286902287
11 0.5515625 0.45426195426195426 0.0234375 0.02494802494802495
17 0.5515625 0.41476091476091476 0.025 0.016632016632016633
3 0.4890625 0.448024948024948 0.0171875 0.02079002079002079