19 0.854602510460251 0.865625 0.27405857740585776 0.2625
19 0.12133891213389121 0.8640625 0.24267782426778242 0.2625
19 0.09623430962343096 0.634375 0.19246861924686193 0.1796875
19 0.23326359832635984 0.6109375 0.1401673640167364 0.159375
5 0.8085774058577406 0.5640625 0.1108786610878661 0.1265625
5 0.7290794979079498 0.525 0.05439330543933055 0.1015625
19 0.2102510460251046 0.4859375 0.12552301255230125 0.0953125
23 0.6391213389121339 0.6109375 0.1192468619246862 0.2046875
19 0.3043933054393305 0.484375 0.05439330543933055 0.0875
10 0.6234309623430963 0.4890625 0.07112970711297072 0.046875
23 0.6788702928870293 0.4265625 0.0794979079497908 0.08125
17 0.3786610878661088 0.64375 0.2405857740585774 0.434375
21 0.5376569037656904 0.46875 0.056485355648535567 0.103125
8 0.5774058577405857 0.3859375 0.06485355648535565 0.0578125
23 0.3043933054393305 0.39375 0.06694560669456066 0.0578125
8 0.3713389121338912 0.4046875 0.06276150627615062 0.0421875
5 0.5251046025104602 0.3953125 0.03347280334728033 0.0359375
5 0.4790794979079498 0.4171875 0.03347280334728033 0.01875
12 0.647489539748954 0.3625 0.06276150627615062 0.0421875
2 0.41841004184100417 0.3984375 0.02092050209205021 0.03125
23 0.4707112970711297 0.384375 0.04602510460251046 0.0421875
5 0.5062761506276151 0.359375 0.02092050209205021 0.040625
19 0.5627615062761506 0.34375 0.0502092050209205 0.025
8 0.36297071129707115 0.3609375 0.03556485355648536 0.0359375
19 0.4895397489539749 0.328125 0.043933054393305436 0.0234375
19 0.41841004184100417 0.35625 0.05230125523012552 0.0375
19 0.37343096234309625 0.33125 0.043933054393305436 0.021875
3 0.4309623430962343 0.3265625 0.04184100418410042 0.021875
10 0.401673640167364 0.3046875 0.03138075313807531 0.0203125
19 0.6265690376569037 0.33125 0.04602510460251046 0.0171875
19 0.608786610878661 0.309375 0.04184100418410042 0.0203125
12 0.41422594142259417 0.2859375 0.03765690376569038 0.015625
19 0.4456066945606695 0.3078125 0.03138075313807531 0.015625
21 0.497907949790795 0.2890625 0.03347280334728033 0.028125
23 0.5418410041841004 0.3171875 0.03556485355648536 0.025
19 0.4665271966527197 0.284375 0.03138075313807531 0.01875
17 0.10460251046025104 0.36875 0.200836820083682 0.0796875
19 0.056485355648535567 0.3171875 0.07531380753138076 0.0234375
10 0.06276150627615062 0.4609375 0.07740585774058577 0.0484375
19 0.5732217573221757 0.284375 0.02510460251046025 0.0203125