23 0.1765625 0.8273381294964028 0.0875 0.16786570743405277
16 0.15 0.6894484412470024 0.01875 0.050359712230215826
2 0.359375 0.5359712230215827 0.0609375 0.047961630695443645
5 0.13125 0.3513189448441247 0.046875 0.0815347721822542
5 0.1625 0.22062350119904076 0.08125 0.08633093525179857
5 0.071875 0.2278177458033573 0.0828125 0.05275779376498801
5 0.2359375 0.1774580335731415 0.0671875 0.08393285371702638
5 0.7078125 0.2302158273381295 0.025 0.03597122302158273
5 0.71875 0.17985611510791366 0.0328125 0.05755395683453238
5 0.65625 0.1510791366906475 0.059375 0.07434052757793765
5 0.8578125 0.5143884892086331 0.0734375 0.07194244604316546
5 0.9046875 0.4352517985611511 0.0640625 0.03117505995203837
10 0.253125 0.8081534772182254 0.0578125 0.1079136690647482
10 0.2734375 0.9280575539568345 0.0578125 0.12949640287769784
10 0.365625 0.9496402877697842 0.0546875 0.09112709832134293
10 0.421875 0.5167865707434053 0.05625 0.05275779376498801
10 0.71875 0.26258992805755393 0.05625 0.03836930455635491
19 0.9515625 0.49280575539568344 0.0859375 0.09112709832134293
19 0.565625 0.5719424460431655 0.0609375 0.10311750599520383
19 0.61875 0.5143884892086331 0.0734375 0.09832134292565947
19 0.5046875 0.8249400479616307 0.078125 0.1342925659472422
3 0.553125 0.9400479616306955 0.084375 0.1079136690647482
19 0.76875 0.6247002398081535 0.0796875 0.1630695443645084
19 0.4234375 0.8513189448441247 0.0890625 0.1366906474820144
19 0.3296875 0.8441247002398081 0.08125 0.10311750599520383
19 0.1765625 0.9568345323741008 0.0734375 0.07434052757793765
19 0.03984375 0.3405275779376499 0.0796875 0.05515587529976019
5 0.059375 0.38968824940047964 0.028125 0.050359712230215826
19 0.228125 0.30815347721822545 0.134375 0.06474820143884892
19 0.209375 0.3800959232613909 0.1 0.07434052757793765
19 0.421875 0.3057553956834532 0.1328125 0.10071942446043165
19 0.7765625 0.06954436450839328 0.0953125 0.08633093525179857
19 0.0734375 0.2961630695443645 0.1 0.07434052757793765
14 0.8640625 0.46882494004796166 0.04375 0.03117505995203837
14 0.603125 0.14148681055155876 0.05625 0.05275779376498801