10 0.04296875 0.5878186968838527 0.0859375 0.1359773371104816
10 0.4453125 0.7492917847025495 0.071875 0.21813031161473087
10 0.878125 0.7563739376770539 0.0953125 0.21529745042492918
10 0.4609375 0.5424929178470255 0.059375 0.11331444759206799
10 0.75625 0.4121813031161473 0.05 0.0821529745042493
10 0.5578125 0.3838526912181303 0.034375 0.031161473087818695
2 0.896875 0.6161473087818697 0.0421875 0.0764872521246459
2 0.840625 0.5538243626062322 0.034375 0.07365439093484419
2 0.63125 0.4546742209631728 0.021875 0.056657223796033995
2 0.584375 0.358356940509915 0.0234375 0.039660056657223795
2 0.7171875 0.3668555240793201 0.021875 0.042492917847025496
2 0.4125 0.2790368271954674 0.0125 0.028328611898016998
16 0.6734375 0.4660056657223796 0.01875 0.05099150141643059
17 0.503125 0.21246458923512748 0.0203125 0.031161473087818695
17 0.5265625 0.22096317280453256 0.021875 0.036827195467422094
17 0.5515625 0.24362606232294617 0.025 0.053824362606232294
17 0.596875 0.24079320113314448 0.021875 0.04815864022662889
10 0.6140625 0.26203966005665724 0.009375 0.028328611898016998
17 0.6359375 0.273371104815864 0.034375 0.059490084985835696
17 0.3640625 0.24079320113314448 0.0296875 0.0339943342776204
17 0.321875 0.2535410764872521 0.0390625 0.031161473087818695
17 0.3359375 0.29320113314447593 0.0671875 0.0453257790368272
17 0.28125 0.3923512747875354 0.1125 0.15864022662889518
17 0.7515625 0.8045325779036827 0.225 0.37677053824362605
17 0.5734375 0.5934844192634561 0.1234375 0.37960339943342775
19 0.3453125 0.7436260623229461 0.1296875 0.24929178470254956
8 0.671875 0.32152974504249293 0.0328125 0.056657223796033995
8 0.2109375 0.358356940509915 0.0484375 0.07365439093484419
19 0.4390625 0.2847025495750708 0.0234375 0.036827195467422094
23 0.40625 0.3243626062322946 0.0375 0.04815864022662889
8 0.5234375 0.3130311614730878 0.03125 0.04815864022662889
19 0.2890625 0.2988668555240793 0.0234375 0.036827195467422094
2 0.8078125 0.4886685552407932 0.03125 0.056657223796033995
19 0.440625 0.45750708215297453 0.0609375 0.056657223796033995
19 0.4671875 0.3923512747875354 0.04375 0.06232294617563739
19 0.5078125 0.415014164305949 0.0328125 0.08498583569405099
19 0.48125 0.3385269121813031 0.0328125 0.04815864022662889
19 0.484375 0.2988668555240793 0.0265625 0.0226628895184136
19 0.4984375 0.23512747875354106 0.015625 0.0226628895184136
19 0.5125 0.2507082152974504 0.0140625 0.019830028328611898
19 0.5140625 0.2762039660056657 0.01875 0.0226628895184136