17 0.7703125 0.7734741784037559 0.2546875 0.30985915492957744
17 0.975 0.7805164319248826 0.0453125 0.06807511737089202
19 0.6171875 0.8204225352112676 0.053125 0.08685446009389672
19 0.94375 0.7852112676056338 0.0125 0.025821596244131457
19 0.9265625 0.7922535211267606 0.01875 0.03051643192488263
10 0.9078125 0.7922535211267606 0.0203125 0.04225352112676056
19 0.253125 0.8720657276995305 0.24375 0.16901408450704225
2 0.4265625 0.9131455399061033 0.096875 0.1572769953051643
23 0.4625 0.8133802816901409 0.1390625 0.11971830985915492
19 0.1203125 0.8039906103286385 0.096875 0.023474178403755867
8 0.225 0.7664319248826291 0.10625 0.03755868544600939