5 0.875 0.9558441558441558 0.021875 0.04415584415584416
5 0.8015625 0.9428571428571428 0.01875 0.08311688311688312
3 0.8765625 0.8935064935064935 0.0828125 0.05714285714285714
5 0.9828125 0.9194805194805195 0.0265625 0.1038961038961039
5 0.625 0.935064935064935 0.03125 0.12207792207792208
5 0.8484375 0.7259740259740259 0.0203125 0.08051948051948052
3 0.9296875 0.7740259740259741 0.1359375 0.16883116883116883
2 0.596875 0.9116883116883117 0.0171875 0.06233766233766234
10 0.9171875 0.22077922077922077 0.0125 0.025974025974025976
10 0.925 0.18961038961038962 0.0125 0.015584415584415584
17 0.8734375 0.21038961038961038 0.0296875 0.033766233766233764
17 0.840625 0.17662337662337663 0.021875 0.04935064935064935
17 0.8109375 0.22337662337662337 0.0296875 0.04155844155844156
17 0.8109375 0.17662337662337663 0.025 0.03636363636363636
17 0.765625 0.2506493506493506 0.04375 0.06493506493506493
17 0.840625 0.24155844155844156 0.025 0.023376623376623377
17 0.8671875 0.24675324675324675 0.0265625 0.033766233766233764
17 0.896875 0.2532467532467532 0.0296875 0.033766233766233764
17 0.834375 0.261038961038961 0.03125 0.01818181818181818
17 0.8015625 0.2896103896103896 0.0328125 0.03636363636363636
17 0.859375 0.287012987012987 0.025 0.04155844155844156
17 0.8921875 0.287012987012987 0.034375 0.033766233766233764
17 0.871875 0.35714285714285715 0.04375 0.07532467532467532
17 0.8328125 0.32597402597402597 0.025 0.03636363636363636
17 0.809375 0.37792207792207794 0.0390625 0.06753246753246753
17 0.7625 0.33896103896103896 0.0578125 0.05454545454545454
10 0.915625 0.2792207792207792 0.0125 0.03636363636363636
17 0.7125 0.4714285714285714 0.065625 0.14025974025974025
17 0.7625 0.4792207792207792 0.071875 0.14285714285714285
5 0.85 0.42987012987012985 0.0109375 0.025974025974025976
5 0.840625 0.39090909090909093 0.015625 0.015584415584415584
5 0.8390625 0.4844155844155844 0.015625 0.025974025974025976
5 0.8796875 0.6480519480519481 0.0328125 0.03636363636363636
5 0.828125 0.6324675324675325 0.0125 0.04415584415584416
5 0.8109375 0.551948051948052 0.01875 0.033766233766233764
5 0.7765625 0.6012987012987013 0.021875 0.03116883116883117
10 0.81875 0.4714285714285714 0.025 0.04935064935064935
19 0.8015625 0.5103896103896104 0.0375 0.025974025974025976
10 0.7328125 0.2922077922077922 0.01875 0.03636363636363636
17 0.6921875 0.2766233766233766 0.046875 0.04935064935064935
17 0.6578125 0.2974025974025974 0.01875 0.04155844155844156
17 0.565625 0.34675324675324676 0.09375 0.11948051948051948
3 0.484375 0.3935064935064935 0.0609375 0.05194805194805195
5 0.4046875 0.4012987012987013 0.015625 0.025974025974025976
5 0.4203125 0.4064935064935065 0.015625 0.023376623376623377
5 0.3875 0.44545454545454544 0.0125 0.01818181818181818
5 0.403125 0.4662337662337662 0.0125 0.023376623376623377
5 0.375 0.4818181818181818 0.0078125 0.04935064935064935
5 0.2703125 0.5025974025974026 0.015625 0.025974025974025976
5 0.3375 0.4818181818181818 0.0109375 0.02857142857142857
10 0.4171875 0.4974025974025974 0.04375 0.03116883116883117
5 0.325 0.4766233766233766 0.0125 0.03636363636363636
19 0.4109375 0.538961038961039 0.0515625 0.05454545454545454
3 0.35 0.5337662337662338 0.06875 0.05454545454545454
17 0.0328125 0.42727272727272725 0.065625 0.07012987012987013
17 0.02734375 0.4935064935064935 0.0546875 0.05974025974025974
19 0.025 0.5441558441558442 0.0453125 0.04155844155844156
19 0.0796875 0.5961038961038961 0.075 0.05454545454545454
19 0.075 0.5545454545454546 0.0515625 0.03116883116883117
19 0.1 0.525974025974026 0.053125 0.02857142857142857
19 0.175 0.5363636363636364 0.0328125 0.025974025974025976
19 0.2953125 0.6324675324675325 0.0453125 0.05714285714285714
19 0.2953125 0.5883116883116883 0.040625 0.023376623376623377
19 0.35 0.5753246753246753 0.0625 0.025974025974025976
19 0.4015625 0.6142857142857143 0.0234375 0.04415584415584416
19 0.3484375 0.6532467532467533 0.0578125 0.06233766233766234
10 0.428125 0.5961038961038961 0.0296875 0.04935064935064935
17 0.53125 0.512987012987013 0.1640625 0.17922077922077922
19 0.4796875 0.6194805194805195 0.0671875 0.03116883116883117
19 0.5640625 0.6428571428571429 0.06875 0.07272727272727272
19 0.4640625 0.6636363636363637 0.0578125 0.04415584415584416
19 0.4625 0.7415584415584415 0.0609375 0.1038961038961039
8 0.5375 0.812987012987013 0.078125 0.16623376623376623
19 0.5734375 0.7337662337662337 0.0625 0.10909090909090909
10 0.775 0.5545454545454546 0.0359375 0.05974025974025974
10 0.728125 0.6012987012987013 0.04375 0.04415584415584416
10 0.653125 0.6012987012987013 0.0375 0.04415584415584416
10 0.61875 0.6480519480519481 0.0328125 0.04415584415584416
10 0.628125 0.7103896103896103 0.040625 0.06753246753246753
10 0.775 0.6454545454545455 0.04375 0.046753246753246755
10 0.81875 0.6844155844155844 0.040625 0.04935064935064935
2 0.696875 0.6818181818181818 0.01875 0.02857142857142857
5 0.6671875 0.6480519480519481 0.0203125 0.06493506493506493
2 0.6578125 0.7792207792207793 0.0140625 0.04155844155844156
10 0.696875 0.7844155844155845 0.0578125 0.046753246753246755
19 0.6796875 0.7181818181818181 0.05 0.05974025974025974
19 0.721875 0.6532467532467533 0.053125 0.03116883116883117
19 0.7875 0.712987012987013 0.0359375 0.033766233766233764
19 0.7140625 0.8805194805194805 0.11875 0.11948051948051948
12 0.778125 0.7896103896103897 0.1046875 0.14805194805194805