10 0.5625 0.8440111420612814 0.0609375 0.15598885793871867
10 0.2 0.6727019498607242 0.05 0.10027855153203342
10 0.165625 0.5835654596100278 0.03125 0.06406685236768803
10 0.2375 0.5278551532033426 0.0203125 0.04456824512534819
10 0.2609375 0.5111420612813371 0.0203125 0.027855153203342618
10 0.2828125 0.49442896935933145 0.0171875 0.036211699164345405
10 0.328125 0.4972144846796657 0.0203125 0.036211699164345405
10 0.34375 0.4637883008356546 0.0125 0.022284122562674095
10 0.7265625 0.7855153203342619 0.05 0.0947075208913649
16 0.615625 0.7994428969359332 0.0234375 0.0807799442896936
2 0.5578125 0.7005571030640668 0.025 0.06685236768802229
16 0.546875 0.5947075208913649 0.015625 0.033426183844011144
5 0.525 0.5111420612813371 0.015625 0.04456824512534819
0 0.4953125 0.49442896935933145 0.0234375 0.04456824512534819
5 0.384375 0.4582172701949861 0.015625 0.022284122562674095
5 0.2578125 0.552924791086351 0.0203125 0.052924791086350974
19 0.309375 0.4832869080779944 0.01875 0.027855153203342618
19 0.5484375 0.5612813370473537 0.040625 0.033426183844011144