16 0.265625 0.7758215962441315 0.021875 0.06572769953051644
10 0.4265625 0.5985915492957746 0.0203125 0.04225352112676056
23 0.503125 0.6983568075117371 0.046875 0.07746478873239436
19 0.83125 0.789906103286385 0.096875 0.1056338028169014
2 0.6703125 0.6279342723004695 0.03125 0.03051643192488263
8 0.49375 0.5492957746478874 0.021875 0.03286384976525822
10 0.6125 0.5352112676056338 0.0140625 0.023474178403755867
10 0.571875 0.5140845070422535 0.009375 0.018779342723004695
19 0.553125 0.5140845070422535 0.0125 0.018779342723004695
10 0.471875 0.5023474178403756 0.0078125 0.01643192488262911
10 0.540625 0.49061032863849763 0.009375 0.014084507042253521
3 0.49375 0.4859154929577465 0.0078125 0.014084507042253521