23 0.1328125 0.7194444444444444 0.259375 0.5555555555555556
23 0.5703125 0.7694444444444445 0.265625 0.45555555555555555
19 0.415625 0.75 0.0859375 0.17777777777777778
19 0.334375 0.7305555555555555 0.0859375 0.13055555555555556
2 0.23125 0.7777777777777778 0.053125 0.10555555555555556
2 0.2953125 0.7388888888888889 0.0265625 0.08888888888888889
2 0.8921875 0.7638888888888888 0.0703125 0.1
11 0.8921875 0.6166666666666667 0.203125 0.16666666666666666
19 0.7609375 0.7611111111111111 0.153125 0.21388888888888888
17 0.7296875 0.6527777777777778 0.0671875 0.058333333333333334
17 0.4375 0.6194444444444445 0.0765625 0.11388888888888889