17 0.865625 0.7305555555555555 0.265625 0.5277777777777778
17 0.7515625 0.5 0.171875 0.3861111111111111
17 0.665625 0.26666666666666666 0.1046875 0.15
12 0.61875 0.8277777777777777 0.178125 0.33611111111111114
12 0.25 0.7888888888888889 0.1953125 0.41388888888888886
19 0.4046875 0.9138888888888889 0.1609375 0.16666666666666666
19 0.3265625 0.5611111111111111 0.1125 0.21944444444444444
0 0.36875 0.36944444444444446 0.0796875 0.17777777777777778
19 0.446875 0.4166666666666667 0.0765625 0.18055555555555555
19 0.4578125 0.3 0.05625 0.12222222222222222
19 0.39375 0.28888888888888886 0.0484375 0.08055555555555556
19 0.3984375 0.23333333333333334 0.046875 0.07777777777777778
19 0.4609375 0.225 0.05 0.08333333333333333
19 0.4203125 0.19444444444444445 0.03125 0.06666666666666667
19 0.4640625 0.18055555555555555 0.034375 0.058333333333333334
10 0.5140625 0.275 0.0296875 0.10555555555555556
17 0.6015625 0.4444444444444444 0.1703125 0.5055555555555555
19 0.434375 0.14444444444444443 0.028125 0.044444444444444446
2 0.409375 0.1388888888888889 0.0125 0.027777777777777776
19 0.471875 0.1361111111111111 0.0296875 0.04722222222222222
10 0.5078125 0.21388888888888888 0.0265625 0.08055555555555556
10 0.5 0.1388888888888889 0.021875 0.05555555555555555
17 0.596875 0.16111111111111112 0.0765625 0.10277777777777777
17 0.58125 0.10555555555555556 0.0578125 0.09166666666666666
17 0.5359375 0.12222222222222222 0.0453125 0.11666666666666667
17 0.5453125 0.05 0.0390625 0.05
17 0.51484375 0.02638888888888889 0.0296875 0.05277777777777778
17 0.471875 0.025 0.0296875 0.05
17 0.484375 0.06666666666666667 0.0234375 0.058333333333333334
19 0.4421875 0.058333333333333334 0.015625 0.025
19 0.4375 0.10277777777777777 0.028125 0.030555555555555555
8 0.0734375 0.6611111111111111 0.14375 0.25277777777777777
19 0.1765625 0.4388888888888889 0.1171875 0.1388888888888889
19 0.0671875 0.4777777777777778 0.134375 0.1388888888888889
19 0.040625 0.4305555555555556 0.078125 0.10277777777777777
19 0.15625 0.37222222222222223 0.1046875 0.1111111111111111
19 0.0875 0.3388888888888889 0.0921875 0.09722222222222222
8 0.0359375 0.33611111111111114 0.0703125 0.08611111111111111
19 0.0359375 0.2777777777777778 0.0671875 0.03888888888888889
10 0.0296875 0.2361111111111111 0.05 0.05277777777777778
10 0.1375 0.2722222222222222 0.05 0.075
10 0.1921875 0.2638888888888889 0.05 0.08333333333333333
10 0.09375 0.26944444444444443 0.053125 0.07222222222222222
10 0.0890625 0.21388888888888888 0.0390625 0.03611111111111111
10 0.0875 0.18333333333333332 0.0484375 0.025
10 0.1375 0.17777777777777778 0.0390625 0.058333333333333334
19 0.1625 0.2 0.0484375 0.05555555555555555
19 0.25 0.3277777777777778 0.0859375 0.10555555555555556
19 0.296875 0.2638888888888889 0.05625 0.1
19 0.2046875 0.28888888888888886 0.040625 0.08055555555555556
19 0.2546875 0.24166666666666667 0.046875 0.09444444444444444
12 0.31875 0.20555555555555555 0.053125 0.09722222222222222
19 0.278125 0.18333333333333332 0.04375 0.058333333333333334
19 0.2546875 0.15555555555555556 0.034375 0.044444444444444446
19 0.3578125 0.1527777777777778 0.03125 0.041666666666666664
19 0.3296875 0.14166666666666666 0.025 0.03888888888888889
12 0.2921875 0.13333333333333333 0.0328125 0.041666666666666664
17 0.26875 0.075 0.0453125 0.05277777777777778
19 0.375 0.11944444444444445 0.021875 0.04722222222222222
19 0.4140625 0.06111111111111111 0.0171875 0.025
19 0.3796875 0.08333333333333333 0.01875 0.027777777777777776
12 0.3203125 0.06388888888888888 0.0203125 0.025