19 0.090625 0.7722222222222223 0.18125 0.4527777777777778
12 0.4796875 0.7361111111111112 0.5609375 0.5222222222222223
17 0.4546875 0.40555555555555556 0.196875 0.16666666666666666
10 0.265625 0.5166666666666667 0.1078125 0.1527777777777778
23 0.41875 0.4638888888888889 0.121875 0.08888888888888889
10 0.0625 0.5277777777777778 0.1234375 0.11944444444444445
10 0.10625 0.4861111111111111 0.1171875 0.04722222222222222
19 0.1796875 0.46944444444444444 0.0984375 0.06388888888888888
19 0.7609375 0.5361111111111111 0.078125 0.1638888888888889
19 0.9359375 0.675 0.125 0.35555555555555557
19 0.871875 0.5527777777777778 0.0828125 0.1361111111111111
19 0.7 0.46944444444444444 0.053125 0.06388888888888888
19 0.821875 0.5 0.0515625 0.09722222222222222
3 0.8875 0.4527777777777778 0.053125 0.06666666666666667
10 0.871875 0.48055555555555557 0.0390625 0.05277777777777778