19 0.9609375 0.8833333333333333 0.0765625 0.21388888888888888
10 0.9078125 0.5555555555555556 0.128125 0.2111111111111111
10 0.7890625 0.8472222222222222 0.1875 0.2972222222222222
10 0.68125 0.6166666666666667 0.1203125 0.21944444444444444
10 0.5390625 0.6 0.109375 0.20277777777777778
12 0.6796875 0.46944444444444444 0.1859375 0.2222222222222222
19 0.4171875 0.6611111111111111 0.175 0.2861111111111111
19 0.5015625 0.45555555555555555 0.1328125 0.1361111111111111
19 0.515625 0.38055555555555554 0.115625 0.11944444444444445
3 0.284375 0.4083333333333333 0.121875 0.2111111111111111
8 0.3671875 0.4 0.1078125 0.18333333333333332
19 0.3984375 0.3472222222222222 0.084375 0.1
19 0.2796875 0.3 0.071875 0.07777777777777778
19 0.2015625 0.325 0.06875 0.1111111111111111
17 0.53125 0.26666666666666666 0.225 0.24444444444444444
2 0.35 0.24166666666666667 0.0296875 0.05277777777777778
16 0.9640625 0.4861111111111111 0.0609375 0.08055555555555556
14 0.8921875 0.43333333333333335 0.11875 0.10833333333333334
19 0.2203125 0.23333333333333334 0.053125 0.09444444444444444
17 0.2625 0.18055555555555555 0.10625 0.15833333333333333
2 0.340625 0.17222222222222222 0.015625 0.04722222222222222
10 0.1515625 0.25277777777777777 0.0328125 0.07222222222222222
19 0.1359375 0.2111111111111111 0.046875 0.06388888888888888
2 0.1046875 0.19444444444444445 0.0140625 0.03888888888888889
19 0.125 0.14722222222222223 0.03125 0.05
19 0.1 0.13055555555555556 0.0203125 0.041666666666666664
19 0.0796875 0.125 0.0234375 0.03888888888888889
10 0.2015625 0.14444444444444443 0.0203125 0.04722222222222222
3 0.321875 0.17222222222222222 0.0265625 0.06666666666666667
17 0.2859375 0.1111111111111111 0.0671875 0.06944444444444445
17 0.178125 0.075 0.04375 0.058333333333333334
17 0.14375 0.044444444444444446 0.0296875 0.05277777777777778
19 0.11875 0.1 0.0203125 0.030555555555555555
19 0.065625 0.10277777777777777 0.0125 0.03611111111111111
19 0.175 0.875 0.1859375 0.24166666666666667
19 0.034375 0.9083333333333333 0.0609375 0.1638888888888889
2 0.1375 0.6888888888888889 0.0875 0.14444444444444443
19 0.1015625 0.5444444444444444 0.1140625 0.175
19 0.015625 0.6194444444444445 0.03125 0.17777777777777778
19 0.0875 0.42777777777777776 0.090625 0.11388888888888889
19 0.01640625 0.44027777777777777 0.0328125 0.13055555555555556
19 0.06875 0.35 0.065625 0.08333333333333333
19 0.0140625 0.3388888888888889 0.028125 0.09166666666666666
12 0.0484375 0.26666666666666666 0.0671875 0.1
19 0.0359375 0.20833333333333334 0.0421875 0.06388888888888888
19 0.01875 0.1527777777777778 0.025 0.03333333333333333
19 0.025 0.17222222222222222 0.0328125 0.022222222222222223
19 0.0171875 0.13333333333333333 0.025 0.027777777777777776
19 0.0078125 0.08611111111111111 0.0140625 0.019444444444444445