17 0.234375 0.11388888888888889 0.196875 0.18611111111111112
17 0.0734375 0.11666666666666667 0.140625 0.21666666666666667
12 0.0796875 0.37777777777777777 0.15625 0.21944444444444444
19 0.221875 0.42777777777777776 0.2265625 0.2111111111111111
10 0.609375 0.7305555555555555 0.16875 0.39444444444444443
10 0.2453125 0.925 0.2515625 0.13055555555555556
19 0.35 0.725 0.3171875 0.4
10 0.4203125 0.4666666666666667 0.15625 0.17222222222222222
10 0.5171875 0.3888888888888889 0.103125 0.16944444444444445
10 0.8625 0.2777777777777778 0.05 0.10555555555555556
10 0.8 0.3194444444444444 0.059375 0.125
16 0.7921875 0.3972222222222222 0.040625 0.08888888888888889
17 0.95 0.2 0.096875 0.24166666666666667
10 0.903125 0.18611111111111112 0.025 0.058333333333333334
19 0.415625 0.33611111111111114 0.146875 0.1361111111111111
19 0.321875 0.2972222222222222 0.153125 0.11944444444444445
19 0.471875 0.25833333333333336 0.1171875 0.1
19 0.56875 0.275 0.09375 0.1
19 0.6296875 0.3 0.0859375 0.11944444444444445
19 0.7015625 0.34444444444444444 0.1125 0.15
19 0.6984375 0.25555555555555554 0.06875 0.08333333333333333
10 0.678125 0.2222222222222222 0.05 0.08333333333333333
8 0.6625 0.19444444444444445 0.0671875 0.08611111111111111
8 0.7734375 0.25277777777777777 0.08125 0.10833333333333334
8 0.3453125 0.23333333333333334 0.115625 0.10277777777777777
8 0.103125 0.2388888888888889 0.1171875 0.08055555555555556
19 0.2125 0.28055555555555556 0.1546875 0.10555555555555556
19 0.2671875 0.2222222222222222 0.0734375 0.05555555555555555
19 0.2140625 0.2 0.08125 0.06388888888888888
12 0.3375 0.17222222222222222 0.0765625 0.058333333333333334
17 0.375 0.14444444444444443 0.0953125 0.08333333333333333
19 0.4 0.19444444444444445 0.053125 0.05
19 0.440625 0.2111111111111111 0.0765625 0.058333333333333334
19 0.4734375 0.18333333333333332 0.0421875 0.041666666666666664
19 0.525 0.18611111111111112 0.0546875 0.05277777777777778
19 0.5859375 0.2222222222222222 0.084375 0.06388888888888888
19 0.740625 0.20833333333333334 0.0578125 0.06111111111111111
19 0.721875 0.17777777777777778 0.0421875 0.04722222222222222
19 0.8296875 0.225 0.04375 0.07777777777777778
19 0.878125 0.23333333333333334 0.040625 0.06944444444444445
19 0.809375 0.18888888888888888 0.0421875 0.05
19 0.8703125 0.19444444444444445 0.0390625 0.05277777777777778
23 0.7609375 0.15555555555555556 0.0421875 0.041666666666666664
17 0.5640625 0.125 0.1171875 0.075
17 0.690625 0.09166666666666666 0.0828125 0.075
12 0.6140625 0.16111111111111112 0.059375 0.06388888888888888
19 0.8359375 0.16111111111111112 0.0265625 0.030555555555555555
12 0.8859375 0.14444444444444443 0.0359375 0.03888888888888889
12 0.8046875 0.14722222222222223 0.0296875 0.03611111111111111
17 0.765625 0.10833333333333334 0.0328125 0.044444444444444446
10 0.01875 0.775 0.0375 0.1361111111111111
19 0.0453125 0.925 0.0875 0.14722222222222223
19 0.8578125 0.14444444444444443 0.0234375 0.041666666666666664