17 0.5375 0.5552995391705069 0.284375 0.7050691244239631
17 0.884375 0.44930875576036866 0.025 0.07373271889400922
19 0.31875 0.6013824884792627 0.0546875 0.10138248847926268
19 0.371875 0.5967741935483871 0.040625 0.0967741935483871
19 0.334375 0.5092165898617511 0.0203125 0.07373271889400922
11 0.365625 0.5230414746543779 0.053125 0.08294930875576037
11 0.3734375 0.4631336405529954 0.0375 0.07373271889400922
11 0.70625 0.49078341013824883 0.0640625 0.31336405529953915
11 0.775 0.4447004608294931 0.0203125 0.09216589861751152
11 0.940625 0.4631336405529954 0.0421875 0.09216589861751152
11 0.8109375 0.4539170506912442 0.01875 0.055299539170506916
11 0.853125 0.44930875576036866 0.040625 0.1382488479262673