17 0.4640625 0.9333333333333333 0.0328125 0.12777777777777777
17 0.4375 0.8333333333333334 0.0328125 0.125
17 0.4375 0.7083333333333334 0.0359375 0.07777777777777778
17 0.44375 0.6166666666666667 0.0234375 0.06388888888888888
17 0.4078125 0.6166666666666667 0.01875 0.06666666666666667
17 0.4296875 0.575 0.01875 0.058333333333333334
17 0.36875 0.4111111111111111 0.015625 0.04722222222222222
17 0.35625 0.275 0.009375 0.019444444444444445
5 0.4890625 0.9888888888888889 0.0109375 0.011111111111111112
19 0.490625 0.9166666666666666 0.025 0.04722222222222222
10 0.478125 0.8722222222222222 0.015625 0.03888888888888889
3 0.4609375 0.7972222222222223 0.0265625 0.044444444444444446
5 0.4234375 0.6583333333333333 0.0078125 0.016666666666666666
2 0.421875 0.625 0.003125 0.011111111111111112
2 0.39375 0.5388888888888889 0.0046875 0.013888888888888888
2 0.390625 0.4861111111111111 0.0046875 0.013888888888888888
10 0.3859375 0.6 0.0109375 0.025
10 0.3828125 0.5638888888888889 0.009375 0.022222222222222223
5 0.375 0.4444444444444444 0.0078125 0.016666666666666666
5 0.3828125 0.4361111111111111 0.0046875 0.016666666666666666
19 0.390625 0.44722222222222224 0.0109375 0.016666666666666666
19 0.38125 0.3972222222222222 0.009375 0.013888888888888888
3 0.3578125 0.3 0.0078125 0.019444444444444445
19 0.3421875 0.2722222222222222 0.00625 0.011111111111111112
19 0.35625 0.2361111111111111 0.003125 0.005555555555555556