13 0.053125 0.9271523178807947 0.0796875 0.1291390728476821
13 0.1421875 0.8940397350993378 0.078125 0.11589403973509933
16 0.0578125 0.8460264900662252 0.0390625 0.03642384105960265
16 0.1546875 0.7963576158940397 0.03125 0.03642384105960265
2 0.1890625 0.7963576158940397 0.0296875 0.04304635761589404
2 0.2 0.7897350993377483 0.0265625 0.039735099337748346
2 0.20625 0.7764900662251656 0.0328125 0.04966887417218543
2 0.2046875 0.7301324503311258 0.0140625 0.033112582781456956
2 0.2546875 0.7003311258278145 0.0140625 0.023178807947019868
19 0.2359375 0.7367549668874173 0.05 0.059602649006622516
16 0.259375 0.6837748344370861 0.0203125 0.023178807947019868
5 0.3734375 0.6804635761589404 0.015625 0.04966887417218543
23 0.403125 0.6572847682119205 0.0390625 0.04966887417218543
10 0.3828125 0.6225165562913907 0.0125 0.029801324503311258
17 0.4265625 0.5927152317880795 0.028125 0.059602649006622516
2 0.4578125 0.5993377483443708 0.0046875 0.026490066225165563
5 0.4765625 0.5728476821192053 0.00625 0.023178807947019868
16 0.4875 0.5529801324503312 0.003125 0.016556291390728478
17 0.4734375 0.5463576158940397 0.0109375 0.026490066225165563
19 0.4703125 0.7235099337748344 0.03125 0.059602649006622516
13 0.5359375 0.8062913907284768 0.0296875 0.11920529801324503
5 0.59375 0.8228476821192053 0.0265625 0.10596026490066225
5 0.5828125 0.7566225165562914 0.0234375 0.07947019867549669
5 0.56875 0.7433774834437086 0.0140625 0.0728476821192053
5 0.565625 0.7036423841059603 0.015625 0.033112582781456956
5 0.540625 0.6837748344370861 0.0140625 0.06291390728476821
5 0.5375 0.6506622516556292 0.0125 0.04304635761589404
16 0.5265625 0.7168874172185431 0.0078125 0.039735099337748346
1 0.7625 0.9006622516556292 0.0890625 0.16556291390728478
2 0.734375 0.8129139072847682 0.0328125 0.039735099337748346
2 0.7265625 0.8029801324503312 0.0421875 0.033112582781456956
2 0.7078125 0.7864238410596026 0.028125 0.039735099337748346
2 0.690625 0.7798013245033113 0.0109375 0.03642384105960265
2 0.66875 0.7301324503311258 0.021875 0.016556291390728478
19 0.6109375 0.7466887417218543 0.03125 0.076158940397351
19 0.5875 0.7036423841059603 0.021875 0.033112582781456956
19 0.634375 0.706953642384106 0.06875 0.04966887417218543
19 0.5953125 0.6870860927152318 0.046875 0.023178807947019868
12 0.6109375 0.6639072847682119 0.0671875 0.03642384105960265
0 0.596875 0.609271523178808 0.015625 0.039735099337748346
3 0.571875 0.6341059602649006 0.021875 0.06622516556291391
12 0.5734375 0.5695364238410596 0.0109375 0.026490066225165563
13 0.54375 0.5662251655629139 0.0078125 0.026490066225165563
17 0.525 0.5463576158940397 0.0109375 0.039735099337748346
5 0.5546875 0.543046357615894 0.0046875 0.013245033112582781
3 0.534375 0.5397350993377483 0.0046875 0.016556291390728478
2 0.540625 0.5099337748344371 0.0015625 0.006622516556291391
5 0.553125 0.5596026490066225 0.00625 0.019867549668874173