17 0.1421875 0.34837962962962965 0.240625 0.4930555555555556
13 0.61875 0.7719907407407407 0.2203125 0.3402777777777778
13 0.8953125 0.8865740740740741 0.1984375 0.2152777777777778
5 0.3390625 0.5810185185185185 0.090625 0.23148148148148148
5 0.4265625 0.5462962962962963 0.0796875 0.20833333333333334
2 0.6109375 0.5254629629629629 0.1046875 0.09953703703703703
13 0.3234375 0.4375 0.0984375 0.16898148148148148
19 0.5328125 0.46296296296296297 0.18125 0.13194444444444445
19 0.4375 0.3715277777777778 0.1765625 0.08564814814814815
12 0.3859375 0.3020833333333333 0.2 0.11805555555555555
13 0.096875 0.09259259259259259 0.0625 0.034722222222222224
13 0.1640625 0.05555555555555555 0.0453125 0.04398148148148148
3 0.00859375 0.27662037037037035 0.0171875 0.22685185185185186