5 0.76875 0.7084942084942085 0.0875 0.4362934362934363
5 0.075 0.15057915057915058 0.0578125 0.21235521235521235
5 0.1078125 0.09266409266409266 0.0453125 0.1776061776061776
5 0.6734375 0.2528957528957529 0.0578125 0.25096525096525096
5 0.7640625 0.24324324324324326 0.0546875 0.2277992277992278
16 0.7984375 0.5 0.0484375 0.1583011583011583
2 0.8375 0.3841698841698842 0.0328125 0.20077220077220076
5 0.828125 0.23552123552123552 0.0421875 0.21235521235521235
13 0.028125 0.39575289575289574 0.046875 0.40540540540540543
5 0.71875 0.1274131274131274 0.040625 0.16216216216216217
19 0.8609375 0.20077220077220076 0.090625 0.20463320463320464
19 0.9015625 0.08494208494208494 0.184375 0.1274131274131274
19 0.8484375 0.06177606177606178 0.128125 0.11969111969111969
5 0.7546875 0.06563706563706563 0.0484375 0.11969111969111969
2 0.971875 0.1583011583011583 0.053125 0.09652509652509653