19 0.246875 0.9668874172185431 0.0671875 0.04966887417218543
19 0.2625 0.9039735099337748 0.059375 0.09602649006622517
19 0.28125 0.859271523178808 0.0484375 0.07947019867549669
19 0.3140625 0.7831125827814569 0.0359375 0.0728476821192053
19 0.3171875 0.7400662251655629 0.028125 0.03642384105960265
5 0.35625 0.7003311258278145 0.0125 0.056291390728476824
5 0.38125 0.6837748344370861 0.0140625 0.052980132450331126
5 0.403125 0.6473509933774835 0.0109375 0.03642384105960265
5 0.4109375 0.6274834437086093 0.009375 0.029801324503311258
5 0.39375 0.6225165562913907 0.0078125 0.029801324503311258
5 0.3484375 0.6158940397350994 0.0078125 0.026490066225165563
5 0.34375 0.5993377483443708 0.00625 0.023178807947019868
5 0.33125 0.6125827814569537 0.01875 0.023178807947019868
13 0.3625 0.6473509933774835 0.0171875 0.039735099337748346
13 0.43125 0.6672185430463576 0.015625 0.046357615894039736
13 0.378125 0.6274834437086093 0.009375 0.033112582781456956
13 0.365625 0.6158940397350994 0.009375 0.023178807947019868
12 0.3875 0.6026490066225165 0.015625 0.026490066225165563
16 0.396875 0.6903973509933775 0.00625 0.029801324503311258
11 0.5734375 0.7798013245033113 0.05625 0.12582781456953643
16 0.5328125 0.6605960264900662 0.0171875 0.019867549668874173
5 0.6 0.6539735099337748 0.015625 0.039735099337748346
5 0.6125 0.7764900662251656 0.015625 0.07947019867549669
13 0.609375 0.706953642384106 0.0140625 0.052980132450331126
13 0.6140625 0.6639072847682119 0.00625 0.029801324503311258
13 0.6390625 0.7864238410596026 0.0296875 0.08278145695364239
2 0.6578125 0.7665562913907285 0.0140625 0.039735099337748346
2 0.659375 0.7201986754966887 0.0140625 0.026490066225165563
19 0.6953125 0.8294701986754967 0.04375 0.07947019867549669
19 0.853125 0.9039735099337748 0.0890625 0.08940397350993377
19 0.803125 0.8493377483443708 0.096875 0.0728476821192053
12 0.7734375 0.7963576158940397 0.0828125 0.0695364238410596
5 0.73125 0.859271523178808 0.034375 0.08940397350993377
5 0.796875 0.9254966887417219 0.04375 0.1291390728476821
12 0.8859375 0.9536423841059603 0.084375 0.076158940397351