19 0.4890625 0.9138888888888889 0.0234375 0.04722222222222222
19 0.39375 0.4583333333333333 0.009375 0.016666666666666666
19 0.38125 0.3972222222222222 0.0078125 0.013888888888888888
19 0.35 0.28888888888888886 0.0046875 0.011111111111111112
17 0.465625 0.9444444444444444 0.0359375 0.10277777777777777
17 0.440625 0.8555555555555555 0.034375 0.125
10 0.4734375 0.8583333333333333 0.0140625 0.03611111111111111
3 0.4515625 0.7944444444444444 0.0296875 0.03888888888888889
17 0.4359375 0.7111111111111111 0.0296875 0.075
17 0.4125 0.6361111111111111 0.01875 0.06666666666666667
17 0.4453125 0.625 0.0234375 0.06388888888888888
17 0.43125 0.5805555555555556 0.021875 0.05555555555555555
5 0.4265625 0.6611111111111111 0.00625 0.016666666666666666
2 0.428125 0.6277777777777778 0.0046875 0.019444444444444445
10 0.396875 0.5944444444444444 0.009375 0.025
10 0.3875 0.5833333333333334 0.0078125 0.025
5 0.4953125 0.9833333333333333 0.0125 0.025
2 0.396875 0.5277777777777778 0.0046875 0.016666666666666666
2 0.396875 0.48055555555555557 0.003125 0.013888888888888888
5 0.3796875 0.4583333333333333 0.0046875 0.016666666666666666
17 0.3734375 0.425 0.0140625 0.044444444444444446
17 0.3625 0.28888888888888886 0.0078125 0.019444444444444445