2 0.040625 0.8360927152317881 0.078125 0.07947019867549669
2 0.0296875 0.6804635761589404 0.0375 0.056291390728476824
2 0.190625 0.6026490066225165 0.028125 0.04304635761589404
2 0.4921875 0.5264900662251656 0.0125 0.04966887417218543
13 0.1171875 0.7400662251655629 0.0640625 0.1390728476821192
13 0.1765625 0.6937086092715232 0.059375 0.1390728476821192
13 0.25 0.640728476821192 0.04375 0.10927152317880795
5 0.2640625 0.6970198675496688 0.0359375 0.11589403973509933
5 0.2953125 0.5695364238410596 0.021875 0.076158940397351
2 0.2078125 0.5496688741721855 0.01875 0.033112582781456956
19 0.2390625 0.5562913907284768 0.0453125 0.059602649006622516
16 0.1671875 0.6158940397350994 0.034375 0.039735099337748346
5 0.3578125 0.49337748344370863 0.0140625 0.052980132450331126
5 0.378125 0.49337748344370863 0.0140625 0.04966887417218543
5 0.3765625 0.4470198675496689 0.0078125 0.026490066225165563
12 0.34375 0.46357615894039733 0.025 0.046357615894039736
10 0.359375 0.4470198675496689 0.0109375 0.029801324503311258
13 0.3890625 0.48013245033112584 0.0171875 0.046357615894039736
13 0.43125 0.41721854304635764 0.009375 0.029801324503311258
19 0.40625 0.40066225165562913 0.021875 0.016556291390728478
17 0.4390625 0.39072847682119205 0.0171875 0.046357615894039736
17 0.43125 0.37251655629139074 0.015625 0.023178807947019868
2 0.4421875 0.4503311258278146 0.00625 0.033112582781456956
5 0.615625 0.8774834437086093 0.0484375 0.2119205298013245
5 0.6390625 0.75 0.0328125 0.1490066225165563
5 0.5734375 0.6639072847682119 0.028125 0.11258278145695365
5 0.60625 0.6026490066225165 0.0203125 0.08609271523178808
5 0.5484375 0.5629139072847682 0.0265625 0.0695364238410596
5 0.5625 0.5496688741721855 0.0125 0.056291390728476824
5 0.521875 0.4900662251655629 0.0125 0.046357615894039736
5 0.525 0.46357615894039733 0.00625 0.026490066225165563
11 0.471875 0.6506622516556292 0.06875 0.24172185430463577
19 0.79296875 0.8923841059602649 0.1078125 0.19536423841059603
1 0.809375 0.7301324503311258 0.0921875 0.152317880794702
2 0.76875 0.6639072847682119 0.03125 0.04304635761589404
2 0.7234375 0.6225165562913907 0.0296875 0.039735099337748346
2 0.7390625 0.6274834437086093 0.0328125 0.033112582781456956
2 0.753125 0.640728476821192 0.0328125 0.039735099337748346
2 0.715625 0.6125827814569537 0.034375 0.039735099337748346
2 0.6828125 0.5794701986754967 0.028125 0.033112582781456956
2 0.6703125 0.5728476821192053 0.03125 0.026490066225165563
2 0.66875 0.5629139072847682 0.03125 0.023178807947019868
19 0.61875 0.5794701986754967 0.0359375 0.0728476821192053
19 0.634375 0.5397350993377483 0.0703125 0.046357615894039736
19 0.6125 0.5264900662251656 0.0546875 0.039735099337748346
12 0.603125 0.5099337748344371 0.0703125 0.06291390728476821
3 0.5578125 0.46688741721854304 0.0234375 0.06622516556291391
0 0.5734375 0.44370860927152317 0.0171875 0.04304635761589404
12 0.5609375 0.4304635761589404 0.009375 0.023178807947019868
12 0.5390625 0.40397350993377484 0.0109375 0.026490066225165563
12 0.534375 0.39403973509933776 0.009375 0.019867549668874173
13 0.5265625 0.4105960264900662 0.0078125 0.026490066225165563
5 0.5140625 0.4139072847682119 0.0078125 0.023178807947019868
5 0.5125 0.40728476821192056 0.00625 0.026490066225165563
3 0.5203125 0.37748344370860926 0.00625 0.016556291390728478
16 0.50625 0.38741721854304634 0.0015625 0.013245033112582781
16 0.4984375 0.37748344370860926 0.0015625 0.009933774834437087
11 0.509375 0.35596026490066224 0.009375 0.023178807947019868
19 0.4875 0.36920529801324503 0.00625 0.009933774834437087
19 0.4875 0.35927152317880795 0.0046875 0.006622516556291391
19 0.4859375 0.34602649006622516 0.003125 0.006622516556291391
13 0.4953125 0.35596026490066224 0.003125 0.009933774834437087
2 0.490625 0.35596026490066224 0.0015625 0.009933774834437087
12 0.51875 0.36258278145695366 0.0046875 0.013245033112582781