21 0.675 0.33611111111111114 0.1578125 0.21388888888888888
2 0.278125 0.4111111111111111 0.034375 0.12777777777777777
5 0.1953125 0.39166666666666666 0.05 0.14166666666666666
5 0.2234375 0.3888888888888889 0.0234375 0.10555555555555556
5 0.15625 0.3888888888888889 0.0296875 0.09166666666666666
19 0.109375 0.4 0.0203125 0.075
5 0.1375 0.39166666666666666 0.009375 0.075
19 0.3546875 0.37777777777777777 0.0328125 0.044444444444444446
2 0.41875 0.3861111111111111 0.028125 0.05555555555555555
23 0.46875 0.375 0.08125 0.10555555555555556
10 0.54375 0.38055555555555554 0.059375 0.10277777777777777