19 0.3671875 0.9652777777777778 0.1578125 0.06076388888888889
19 0.4375 0.9027777777777778 0.134375 0.0920138888888889
19 0.5078125 0.8532986111111112 0.0890625 0.07118055555555555
19 0.59375 0.7873263888888888 0.071875 0.0625
19 0.615625 0.7439236111111112 0.059375 0.046875
5 0.6734375 0.9201388888888888 0.0671875 0.11631944444444445
5 0.6703125 0.7769097222222222 0.040625 0.07465277777777778
5 0.728125 0.7578125 0.0375 0.07465277777777778
16 0.7640625 0.8836805555555556 0.025 0.07118055555555555
16 0.7828125 0.7890625 0.015625 0.03993055555555555
13 0.690625 0.6276041666666666 0.021875 0.03125
13 0.728125 0.6215277777777778 0.01875 0.03125
13 0.8046875 0.6362847222222222 0.0234375 0.036458333333333336
13 0.840625 0.6397569444444444 0.040625 0.034722222222222224
13 0.86875 0.6215277777777778 0.021875 0.03125
13 0.7875 0.6145833333333334 0.021875 0.03125
16 0.775 0.6467013888888888 0.0125 0.019097222222222224
5 0.7453125 0.6345486111111112 0.01875 0.026041666666666668
13 0.675 0.5972222222222222 0.0140625 0.022569444444444444
13 0.6625 0.59375 0.0140625 0.022569444444444444
13 0.6921875 0.5850694444444444 0.0140625 0.020833333333333332
5 0.678125 0.6215277777777778 0.009375 0.03125
17 0.74375 0.5572916666666666 0.059375 0.026041666666666668