19 0.1921875 0.9685430463576159 0.08125 0.04304635761589404
19 0.2265625 0.9172185430463576 0.06875 0.09933774834437085
19 0.2625 0.8625827814569537 0.0515625 0.08278145695364239
19 0.309375 0.793046357615894 0.0390625 0.06291390728476821
19 0.321875 0.7599337748344371 0.0328125 0.056291390728476824
5 0.3328125 0.9039735099337748 0.034375 0.10596026490066225
5 0.375 0.7036423841059603 0.0125 0.052980132450331126
5 0.396875 0.6705298013245033 0.0125 0.039735099337748346
5 0.3578125 0.6307947019867549 0.0078125 0.029801324503311258
13 0.36875 0.640728476821192 0.0140625 0.029801324503311258
13 0.38125 0.6307947019867549 0.009375 0.029801324503311258
13 0.403125 0.6158940397350994 0.009375 0.026490066225165563
13 0.38125 0.5960264900662252 0.0078125 0.023178807947019868
2 0.4328125 0.6639072847682119 0.00625 0.016556291390728478
5 0.3953125 0.6026490066225165 0.00625 0.023178807947019868
19 0.4703125 0.6374172185430463 0.0171875 0.023178807947019868
13 0.48125 0.6539735099337748 0.015625 0.033112582781456956
13 0.53125 0.6572847682119205 0.0203125 0.039735099337748346
5 0.5546875 0.7036423841059603 0.009375 0.04966887417218543
5 0.596875 0.706953642384106 0.0140625 0.056291390728476824
3 0.590625 0.8294701986754967 0.0640625 0.18874172185430463
19 0.63125 0.7400662251655629 0.034375 0.06291390728476821
13 0.6421875 0.6970198675496688 0.01875 0.04304635761589404
11 0.609375 0.6158940397350994 0.0328125 0.04304635761589404
16 0.6265625 0.6738410596026491 0.00625 0.023178807947019868
5 0.7 0.9105960264900662 0.040625 0.13245033112582782
5 0.765625 0.9238410596026491 0.0328125 0.11589403973509933
13 0.6953125 0.8394039735099338 0.0421875 0.09271523178807947
19 0.8359375 0.9039735099337748 0.103125 0.08940397350993377
19 0.79375 0.8394039735099338 0.0984375 0.06291390728476821
12 0.76875 0.8029801324503312 0.09375 0.08940397350993377
2 0.6671875 0.7665562913907285 0.0125 0.04304635761589404
2 0.671875 0.7201986754966887 0.00625 0.023178807947019868
17 0.6640625 0.6125827814569537 0.0390625 0.08609271523178808