19 0.8703125 0.8222222222222222 0.25625 0.35
19 0.546875 0.7472222222222222 0.109375 0.14722222222222223
12 0.790625 0.6861111111111111 0.0875 0.06111111111111111
23 0.6484375 0.7222222222222222 0.11875 0.15
10 0.4265625 0.7222222222222222 0.0546875 0.10833333333333334
23 0.465625 0.6944444444444444 0.0265625 0.044444444444444446
16 0.3296875 0.7194444444444444 0.0171875 0.044444444444444446
17 0.5015625 0.6555555555555556 0.0390625 0.025
3 0.4828125 0.6861111111111111 0.0125 0.03333333333333333
19 0.496875 0.7055555555555556 0.0171875 0.05
16 0.384375 0.6944444444444444 0.0078125 0.025
19 0.4015625 0.6777777777777778 0.0078125 0.013888888888888888