13 0.040625 0.9164969450101833 0.0671875 0.15478615071283094
13 0.16875 0.7179226069246436 0.046875 0.1079429735234216
13 0.6765625 0.8594704684317719 0.1078125 0.1629327902240326
5 0.60859375 0.9236252545824847 0.0765625 0.1446028513238289
5 0.771875 0.9185336048879837 0.0859375 0.15478615071283094
5 0.503125 0.7718940936863544 0.053125 0.11608961303462322
5 0.0203125 0.7983706720977597 0.028125 0.05295315682281059
5 0.01875 0.7240325865580448 0.028125 0.1120162932790224
16 0.4359375 0.8024439918533605 0.0328125 0.07535641547861507
2 0.953125 0.9103869653767821 0.065625 0.09572301425661914
19 0.840625 0.8513238289205702 0.2046875 0.09368635437881874
19 0.7828125 0.7820773930753564 0.1671875 0.07128309572301425
12 0.7171875 0.7281059063136456 0.178125 0.0814663951120163
17 0.3515625 0.6059063136456212 0.09375 0.21181262729124237
19 0.453125 0.654786150712831 0.0609375 0.07128309572301425
16 0.0484375 0.6568228105906314 0.0140625 0.034623217922606926
16 0.0234375 0.630346232179226 0.0125 0.04073319755600815
5 0.009375 0.5244399185336049 0.015625 0.03665987780040733
13 0.0375 0.5224032586558045 0.0203125 0.034623217922606926
13 0.05 0.5081466395112016 0.0140625 0.032586558044806514
13 0.0578125 0.49185336048879835 0.015625 0.026476578411405296
13 0.265625 0.5 0.0203125 0.03054989816700611
17 0.01328125 0.4429735234215886 0.0265625 0.024439918533604887
7 0.5078125 0.6955193482688391 0.025 0.05091649694501019
13 0.4671875 0.6059063136456212 0.04375 0.05091649694501019
5 0.4515625 0.5733197556008147 0.0234375 0.05091649694501019
5 0.496875 0.5875763747454175 0.0234375 0.04480651731160896
19 0.4375 0.5305498981670062 0.0671875 0.024439918533604887
0 0.2515625 0.5040733197556008 0.0140625 0.026476578411405296
5 0.50625 0.5346232179226069 0.0296875 0.034623217922606926
2 0.5390625 0.6344195519348269 0.0296875 0.032586558044806514