11 0.4828125 0.8261589403973509 0.1078125 0.33112582781456956
12 0.7765625 0.9205298013245033 0.1 0.1423841059602649
13 0.10625 0.7798013245033113 0.0640625 0.1423841059602649
13 0.165625 0.7268211920529801 0.0625 0.12582781456953643
13 0.2421875 0.6837748344370861 0.046875 0.10596026490066225
2 0.1953125 0.6539735099337748 0.028125 0.046357615894039736
2 0.203125 0.6307947019867549 0.028125 0.033112582781456956
2 0.1984375 0.5894039735099338 0.0234375 0.03642384105960265
19 0.23125 0.5960264900662252 0.0484375 0.06291390728476821
5 0.2875 0.609271523178808 0.0234375 0.07947019867549669
5 0.3265625 0.6258278145695364 0.0234375 0.08278145695364239
5 0.3546875 0.5629139072847682 0.0171875 0.04966887417218543
5 0.334375 0.5596026490066225 0.0171875 0.052980132450331126
5 0.365625 0.5264900662251656 0.0140625 0.046357615894039736
5 0.371875 0.4966887417218543 0.0109375 0.039735099337748346
12 0.3359375 0.5066225165562914 0.028125 0.046357615894039736
13 0.3859375 0.5198675496688742 0.0171875 0.046357615894039736
5 0.4234375 0.46688741721854304 0.009375 0.029801324503311258
17 0.428125 0.44039735099337746 0.0203125 0.04966887417218543
10 0.353125 0.4900662251655629 0.0140625 0.03642384105960265
11 0.4796875 0.46688741721854304 0.021875 0.06622516556291391
5 0.5125 0.5364238410596026 0.0125 0.052980132450331126
5 0.528125 0.543046357615894 0.0140625 0.04966887417218543
5 0.5015625 0.46357615894039733 0.00625 0.029801324503311258
5 0.5140625 0.47019867549668876 0.0078125 0.029801324503311258
5 0.4984375 0.4370860927152318 0.00625 0.016556291390728478
13 0.5078125 0.4503311258278146 0.0078125 0.026490066225165563
12 0.5328125 0.4503311258278146 0.0109375 0.026490066225165563
12 0.5265625 0.44370860927152317 0.009375 0.019867549668874173
3 0.55 0.5132450331125827 0.025 0.059602649006622516
0 0.565625 0.49337748344370863 0.0171875 0.039735099337748346
5 0.5546875 0.5993377483443708 0.0171875 0.059602649006622516
13 0.5421875 0.6804635761589404 0.03125 0.11589403973509933
5 0.5765625 0.7168874172185431 0.0265625 0.11920529801324503
5 0.6125 0.7135761589403974 0.028125 0.11258278145695365
5 0.6 0.6605960264900662 0.01875 0.09602649006622517
5 0.5765625 0.6225165562913907 0.021875 0.0695364238410596
2 0.359375 0.6572847682119205 0.0203125 0.07947019867549669
1 0.8 0.7864238410596026 0.0953125 0.16225165562913907
2 0.73125 0.6804635761589404 0.0390625 0.039735099337748346
2 0.7515625 0.6937086092715232 0.0390625 0.039735099337748346
2 0.7125 0.6605960264900662 0.040625 0.04966887417218543
2 0.6734375 0.6225165562913907 0.03125 0.03642384105960265
19 0.6140625 0.6274834437086093 0.034375 0.06622516556291391
19 0.628125 0.5894039735099338 0.071875 0.04304635761589404
19 0.60625 0.5761589403973509 0.0515625 0.03642384105960265
12 0.596875 0.5596026490066225 0.06875 0.04966887417218543
5 0.5046875 0.4370860927152318 0.0046875 0.016556291390728478
3 0.515625 0.423841059602649 0.00625 0.016556291390728478
11 0.5046875 0.40066225165562913 0.009375 0.023178807947019868