5 0.0421875 0.6955719557195572 0.05 0.2140221402214022
5 0.6515625 0.7066420664206642 0.053125 0.2066420664206642
5 0.5328125 0.5996309963099631 0.0421875 0.15498154981549817
19 0.11875 0.5738007380073801 0.0625 0.12177121771217712
19 0.0140625 0.551660516605166 0.0265625 0.11808118081180811
19 0.0578125 0.45940959409594095 0.05 0.09225092250922509
19 0.075 0.4003690036900369 0.0421875 0.055350553505535055
19 0.6984375 0.6033210332103321 0.1328125 0.0996309963099631
19 0.659375 0.522140221402214 0.1125 0.0996309963099631
12 0.6296875 0.45940959409594095 0.1125 0.11439114391143912
17 0.446875 0.4114391143911439 0.10625 0.36162361623616235
13 0.1890625 0.45940959409594095 0.0328125 0.11439114391143912
13 0.259375 0.32656826568265684 0.0203125 0.07749077490774908
5 0.16875 0.38191881918819187 0.0203125 0.08487084870848709
5 0.1578125 0.34870848708487084 0.015625 0.07749077490774908
13 0.1234375 0.23616236162361623 0.015625 0.04428044280442804
13 0.1515625 0.17712177121771217 0.0125 0.02952029520295203
13 0.13125 0.18450184501845018 0.0109375 0.033210332103321034
5 0.15625 0.23247232472324722 0.0171875 0.03690036900369004
5 0.1703125 0.22509225092250923 0.0125 0.04059040590405904
16 0.1890625 0.29704797047970477 0.00625 0.02952029520295203
16 0.18125 0.3118081180811808 0.00625 0.033210332103321034
13 0.1203125 0.1918819188191882 0.0125 0.02952029520295203
17 0.16875 0.13653136531365315 0.040625 0.03690036900369004
3 0.365625 0.3634686346863469 0.05 0.16605166051660517
13 0.7625 0.8597785977859779 0.1234375 0.24723247232472326
2 0.7609375 0.6734317343173432 0.065625 0.0959409594095941
2 0.51875 0.35608856088560886 0.0140625 0.03690036900369004
2 0.4953125 0.24723247232472326 0.0078125 0.033210332103321034
13 0.5 0.23247232472324722 0.0296875 0.04059040590405904
2 0.509375 0.4151291512915129 0.0078125 0.07011070110701106