2 0.6234375 0.7583333333333333 0.7078125 0.475
13 0.071875 0.37222222222222223 0.084375 0.15833333333333333
5 0.0140625 0.3888888888888889 0.0234375 0.12777777777777777
5 0.228125 0.33611111111111114 0.0546875 0.10555555555555556
5 0.3234375 0.325 0.0453125 0.10833333333333334
13 0.35625 0.30277777777777776 0.04375 0.075
17 0.4609375 0.26666666666666666 0.0625 0.08611111111111111
19 0.509375 0.2916666666666667 0.025 0.03888888888888889
19 0.5953125 0.30277777777777776 0.0875 0.06666666666666667
19 0.528125 0.2833333333333333 0.01875 0.019444444444444445
11 0.6203125 0.2611111111111111 0.084375 0.05555555555555555
13 0.6984375 0.30277777777777776 0.0453125 0.06388888888888888
5 0.7328125 0.3194444444444444 0.059375 0.08611111111111111
17 0.75 0.26944444444444443 0.1515625 0.08611111111111111
17 0.940625 0.2861111111111111 0.1171875 0.08611111111111111