13 0.065625 0.8199445983379502 0.128125 0.2188365650969529
13 0.2265625 0.7326869806094183 0.096875 0.1883656509695291
2 0.1203125 0.6800554016620498 0.053125 0.0664819944598338
2 0.1375 0.5664819944598338 0.0453125 0.05817174515235457
19 0.2046875 0.574792243767313 0.0984375 0.0997229916897507
5 0.321875 0.5997229916897507 0.046875 0.14127423822714683
5 0.325 0.5083102493074793 0.0359375 0.030470914127423823
5 0.45625 0.5 0.03125 0.09418282548476455
5 0.5265625 0.4307479224376731 0.025 0.06371191135734072
5 0.4953125 0.4445983379501385 0.03125 0.07756232686980609
5 0.496875 0.37534626038781166 0.021875 0.04709141274238227
13 0.4703125 0.47229916897506924 0.0375 0.09141274238227147
12 0.421875 0.40581717451523547 0.053125 0.0886426592797784
10 0.45625 0.37257617728531855 0.025 0.05263157894736842
16 0.0515625 0.682825484764543 0.0671875 0.05263157894736842
2 0.6078125 0.4390581717451524 0.01875 0.07202216066481995
13 0.5953125 0.3448753462603878 0.00625 0.05817174515235457
19 0.55625 0.2922437673130194 0.0453125 0.0332409972299169
5 0.60625 0.31163434903047094 0.015625 0.04155124653739612
5 0.634375 0.3060941828254848 0.015625 0.04709141274238227
17 0.621875 0.27008310249307477 0.040625 0.07756232686980609
17 0.6078125 0.23545706371191136 0.0328125 0.038781163434903045
11 0.71875 0.4778393351800554 0.08125 0.22160664819944598
11 0.7734375 0.20498614958448755 0.0203125 0.038781163434903045
19 0.725 0.21606648199445982 0.0125 0.01662049861495845
19 0.7234375 0.1994459833795014 0.009375 0.0110803324099723
19 0.7234375 0.18282548476454294 0.0078125 0.013850415512465374
13 0.7390625 0.1994459833795014 0.009375 0.019390581717451522
3 0.796875 0.24653739612188366 0.015625 0.027700831024930747
16 0.7625 0.25346260387811637 0.00625 0.019390581717451522
16 0.759375 0.2409972299168975 0.003125 0.013850415512465374
5 0.775 0.2922437673130194 0.015625 0.0443213296398892
5 0.78125 0.2839335180055402 0.0109375 0.038781163434903045
5 0.7859375 0.3808864265927978 0.0203125 0.07479224376731301
5 0.809375 0.37534626038781166 0.0203125 0.07202216066481995
5 0.8265625 0.5249307479224377 0.034375 0.11357340720221606
5 0.85 0.6135734072022161 0.04375 0.1523545706371191
5 0.8875 0.5581717451523546 0.0328125 0.10803324099722991
5 0.915625 0.5443213296398892 0.03125 0.12742382271468145
5 0.940625 0.8476454293628809 0.0671875 0.2548476454293629
5 0.978125 0.6385041551246537 0.040625 0.15789473684210525
19 0.96875 0.5138504155124654 0.059375 0.07202216066481995
12 0.9546875 0.47229916897506924 0.0875 0.09695290858725762
3 0.8765625 0.4085872576177285 0.0484375 0.11634349030470914
0 0.9078125 0.3587257617728532 0.0375 0.06925207756232687
12 0.8828125 0.3337950138504155 0.01875 0.036011080332409975
12 0.834375 0.2894736842105263 0.025 0.0443213296398892
12 0.825 0.27285318559556787 0.015625 0.0332409972299169
13 0.809375 0.3033240997229917 0.01875 0.04986149584487535