19 0.159375 0.9553349875930521 0.1421875 0.0794044665012407
19 0.2421875 0.8982630272952854 0.115625 0.1141439205955335
19 0.49375 0.7307692307692307 0.0625 0.06947890818858561
19 0.3421875 0.7915632754342432 0.0890625 0.10173697270471464
19 0.3734375 0.7431761786600496 0.0734375 0.08436724565756824
13 0.5296875 0.6389578163771712 0.0359375 0.07692307692307693
13 0.453125 0.5496277915632755 0.028125 0.04962779156327544
13 0.50625 0.5446650124069479 0.021875 0.052109181141439205
13 0.4671875 0.49255583126550867 0.0203125 0.03970223325062035
13 0.4328125 0.4975186104218362 0.0125 0.03722084367245657
13 0.446875 0.46774193548387094 0.015625 0.01488833746898263
5 0.49375 0.5248138957816377 0.009375 0.034739454094292806
0 0.5578125 0.5 0.03125 0.04466501240694789
16 0.5375 0.5397022332506204 0.009375 0.02481389578163772
16 0.559375 0.5372208436724566 0.009375 0.02977667493796526
16 0.571875 0.5421836228287841 0.0078125 0.022332506203473945
11 0.4359375 0.4280397022332506 0.0390625 0.03225806451612903
17 0.5296875 0.44044665012406947 0.0671875 0.03970223325062035
5 0.6078125 0.586848635235732 0.025 0.06451612903225806
13 0.6765625 0.5719602977667494 0.021875 0.05955334987593052
16 0.6859375 0.5942928039702233 0.021875 0.02977667493796526
16 0.7 0.5893300248138957 0.009375 0.02977667493796526
2 0.7125 0.5843672456575683 0.01875 0.04714640198511166
13 0.8234375 0.5942928039702233 0.0390625 0.06451612903225806
12 0.8125 0.5248138957816377 0.046875 0.04466501240694789
2 0.9578125 0.6166253101736973 0.01875 0.05707196029776675
16 0.9578125 0.6662531017369727 0.0140625 0.04714640198511166
13 0.984375 0.5942928039702233 0.0296875 0.05955334987593052
3 0.9125 0.8312655086848635 0.125 0.2679900744416873
2 0.98125 0.8684863523573201 0.021875 0.08684863523573201
19 0.9875 0.7084367245657568 0.0203125 0.07196029776674938