1 0.8 0.9072847682119205 0.0890625 0.16556291390728478
5 0.6234375 0.8228476821192053 0.028125 0.10596026490066225
5 0.559375 0.7168874172185431 0.0171875 0.0695364238410596
5 0.6140625 0.7566225165562914 0.01875 0.0728476821192053
5 0.565625 0.6158940397350994 0.009375 0.03642384105960265
5 0.5609375 0.5728476821192053 0.00625 0.023178807947019868
13 0.5890625 0.7731788079470199 0.0296875 0.10596026490066225
13 0.534375 0.706953642384106 0.021875 0.07947019867549669
13 0.55625 0.6605960264900662 0.015625 0.039735099337748346
13 0.5546875 0.6192052980132451 0.0109375 0.039735099337748346
19 0.6359375 0.7466887417218543 0.03125 0.076158940397351
2 0.765625 0.8261589403973509 0.040625 0.033112582781456956
2 0.7546875 0.7996688741721855 0.040625 0.039735099337748346
2 0.7421875 0.7963576158940397 0.0421875 0.04304635761589404
2 0.73125 0.7831125827814569 0.0375 0.04304635761589404
2 0.69375 0.7334437086092715 0.021875 0.026490066225165563
19 0.6578125 0.7135761589403974 0.0703125 0.056291390728476824
19 0.6375 0.6970198675496688 0.05625 0.04304635761589404
19 0.5390625 0.5794701986754967 0.0125 0.023178807947019868
19 0.5359375 0.5596026490066225 0.009375 0.013245033112582781
3 0.590625 0.6307947019867549 0.025 0.06622516556291391
12 0.63125 0.6705298013245033 0.0703125 0.052980132450331126
0 0.6140625 0.6125827814569537 0.0171875 0.046357615894039736
12 0.525 0.609271523178808 0.0171875 0.039735099337748346
12 0.5859375 0.5695364238410596 0.0109375 0.026490066225165563
5 0.5578125 0.5364238410596026 0.0046875 0.013245033112582781
12 0.54375 0.5231788079470199 0.00625 0.013245033112582781
11 0.5484375 0.5033112582781457 0.00625 0.019867549668874173
3 0.575 0.543046357615894 0.00625 0.013245033112582781
5 0.56875 0.5397350993377483 0.0046875 0.016556291390728478
5 0.553125 0.5331125827814569 0.003125 0.013245033112582781
11 0.56875 0.5198675496688742 0.009375 0.016556291390728478
2 0.034375 0.8360927152317881 0.025 0.056291390728476824
13 0.0984375 0.8940397350993378 0.0609375 0.1390728476821192
13 0.1625 0.890728476821192 0.065625 0.1357615894039735
13 0.16875 0.8228476821192053 0.071875 0.06622516556291391
5 0.2546875 0.7831125827814569 0.03125 0.07947019867549669
2 0.2140625 0.7764900662251656 0.03125 0.046357615894039736
16 0.18125 0.7731788079470199 0.034375 0.033112582781456956
2 0.2296875 0.7135761589403974 0.01875 0.033112582781456956
19 0.2578125 0.7201986754966887 0.0453125 0.059602649006622516
13 0.340625 0.7334437086092715 0.0265625 0.08278145695364239
19 0.353125 0.6771523178807947 0.03125 0.046357615894039736
12 0.3734375 0.6274834437086093 0.015625 0.04304635761589404
5 0.40625 0.6307947019867549 0.00625 0.046357615894039736
17 0.44375 0.5827814569536424 0.03125 0.06622516556291391
19 0.4640625 0.5695364238410596 0.0046875 0.019867549668874173
19 0.521875 0.543046357615894 0.00625 0.013245033112582781