13 0.21875 0.9281767955801105 0.0625 0.1252302025782689
13 0.203125 0.7753222836095764 0.0359375 0.0718232044198895
13 0.1765625 0.7136279926335175 0.0171875 0.04419889502762431
13 0.1765625 0.6675874769797422 0.0171875 0.029465930018416207
13 0.0640625 0.6786372007366482 0.0140625 0.029465930018416207
5 0.30625 0.9171270718232044 0.0515625 0.11049723756906077
5 0.2859375 0.850828729281768 0.0390625 0.08103130755064457
5 0.1921875 0.7228360957642725 0.021875 0.034990791896869246
2 0.11875 0.7513812154696132 0.0140625 0.04419889502762431
2 0.5640625 0.9097605893186004 0.0734375 0.03867403314917127
2 0.5421875 0.8968692449355433 0.071875 0.034990791896869246
2 0.5125 0.8876611418047882 0.0625 0.040515653775322284
2 0.5 0.8710865561694291 0.065625 0.04419889502762431
2 0.4421875 0.8287292817679558 0.059375 0.04419889502762431
23 0.328125 0.8379373848987108 0.059375 0.07550644567219153
19 0.36875 0.7974217311233885 0.1265625 0.04419889502762431
19 0.3328125 0.7845303867403315 0.1 0.04419889502762431
12 0.31875 0.7642725598526704 0.128125 0.06445672191528545
3 0.2453125 0.7209944751381215 0.0453125 0.0718232044198895
0 0.2859375 0.6988950276243094 0.0328125 0.04419889502762431
13 0.190625 0.6933701657458563 0.01875 0.02394106813996317
5 0.196875 0.6731123388581952 0.0140625 0.02394106813996317
12 0.1484375 0.643646408839779 0.0171875 0.022099447513812154
19 0.16875 0.6344383057090239 0.0125 0.014732965009208104
19 0.1578125 0.6233885819521179 0.0125 0.011049723756906077
12 0.2390625 0.6583793738489871 0.0203125 0.02394106813996317
19 0.10625 0.651012891344383 0.015625 0.01841620626151013
19 0.015625 0.6583793738489871 0.009375 0.020257826887661142
17 0.0046875 0.6712707182320442 0.009375 0.058931860036832415
2 0.09375 0.6252302025782689 0.00625 0.01289134438305709
11 0.1703125 0.5883977900552486 0.009375 0.016574585635359115
5 0.1890625 0.649171270718232 0.0125 0.020257826887661142
3 0.2171875 0.6307550644567219 0.0140625 0.014732965009208104
11 0.20625 0.6086556169429097 0.0171875 0.01841620626151013
1 0.6078125 0.9594843462246777 0.1328125 0.07550644567219153