16 0.3125 0.725 0.0234375 0.07222222222222222
10 0.4359375 0.7111111111111111 0.04375 0.09166666666666666
19 0.3625 0.6777777777777778 0.0140625 0.022222222222222223
17 0.4046875 0.675 0.0203125 0.03611111111111111
17 0.59375 0.6555555555555556 0.0578125 0.044444444444444446
19 0.7359375 0.7694444444444445 0.19375 0.19722222222222222
23 0.6015625 0.7138888888888889 0.08125 0.10555555555555556
23 0.890625 0.6916666666666667 0.103125 0.06111111111111111
2 0.4625 0.7 0.0109375 0.05277777777777778
19 0.4953125 0.6972222222222222 0.0125 0.03611111111111111
19 0.528125 0.725 0.0671875 0.09722222222222222