11 0.521875 0.6952861952861953 0.084375 0.2222222222222222
11 0.2375 0.702020202020202 0.125 0.10437710437710437
11 0.3125 0.7121212121212122 0.028125 0.09427609427609428
23 0.33125 0.7222222222222222 0.009375 0.05387205387205387
11 0.384375 0.7053872053872053 0.0875 0.08080808080808081
11 0.6875 0.7289562289562289 0.0453125 0.08754208754208755
11 0.7296875 0.7255892255892256 0.0375 0.08754208754208755
11 0.6453125 0.7255892255892256 0.0171875 0.04713804713804714
11 0.565625 0.7154882154882155 0.0078125 0.06397306397306397
17 0.6328125 0.7222222222222222 0.00625 0.04377104377104377
17 0.6234375 0.7222222222222222 0.009375 0.04040404040404041