13 0.06875 0.4198473282442748 0.0484375 0.16412213740458015
2 0.11875 0.34541984732824427 0.0265625 0.12213740458015267
16 0.0390625 0.15458015267175573 0.0125 0.06870229007633588
12 0.0296875 0.1316793893129771 0.046875 0.07251908396946564
5 0.096875 0.20038167938931298 0.05 0.07633587786259542
5 0.0890625 0.15458015267175573 0.028125 0.0648854961832061
5 0.3515625 0.32251908396946566 0.0234375 0.12213740458015267
11 0.3375 0.20038167938931298 0.0765625 0.1183206106870229
3 0.396875 0.16603053435114504 0.0234375 0.08015267175572519
13 0.378125 0.4198473282442748 0.05 0.183206106870229
5 0.3765625 0.12595419847328243 0.015625 0.05343511450381679
13 0.3796875 0.2652671755725191 0.0265625 0.11450381679389313
13 0.4046875 0.2958015267175573 0.0328125 0.09923664122137404
2 0.4640625 0.2881679389312977 0.025 0.05725190839694656
19 0.528125 0.49236641221374045 0.0734375 0.16030534351145037
5 0.5890625 0.5458015267175572 0.0578125 0.16412213740458015
12 0.653125 0.4351145038167939 0.146875 0.16030534351145037
19 0.7078125 0.5114503816793893 0.1640625 0.12595419847328243
19 0.7984375 0.6316793893129771 0.1515625 0.1717557251908397
5 0.7046875 0.6774809160305344 0.0734375 0.2480916030534351
13 0.6234375 0.7690839694656488 0.1078125 0.3282442748091603
13 0.8203125 0.8759541984732825 0.159375 0.23282442748091603
12 0.8953125 0.8187022900763359 0.2046875 0.33969465648854963