19 0.3171875 0.956953642384106 0.065625 0.0695364238410596
19 0.35 0.9139072847682119 0.05 0.08278145695364239
19 0.3953125 0.8427152317880795 0.0359375 0.06622516556291391
19 0.40625 0.8062913907284768 0.03125 0.04966887417218543
5 0.46875 0.8658940397350994 0.0234375 0.0728476821192053
5 0.5328125 0.7632450331125827 0.015625 0.052980132450331126
5 0.490625 0.7135761589403974 0.0125 0.039735099337748346
5 0.53125 0.706953642384106 0.0125 0.039735099337748346
5 0.5140625 0.6870860927152318 0.0109375 0.033112582781456956
5 0.503125 0.6837748344370861 0.009375 0.033112582781456956
5 0.475 0.6771523178807947 0.009375 0.029801324503311258
5 0.4390625 0.6771523178807947 0.009375 0.029801324503311258
13 0.4625 0.6771523178807947 0.009375 0.029801324503311258
13 0.4875 0.6605960264900662 0.009375 0.029801324503311258
13 0.5046875 0.6539735099337748 0.0125 0.016556291390728478
13 0.5421875 0.6903973509933775 0.021875 0.039735099337748346
13 0.434375 0.6506622516556292 0.0078125 0.023178807947019868
13 0.4515625 0.6440397350993378 0.009375 0.019867549668874173
11 0.475 0.6307947019867549 0.0234375 0.039735099337748346
17 0.5078125 0.6125827814569537 0.03125 0.03642384105960265
17 0.4703125 0.6125827814569537 0.0296875 0.019867549668874173
1 0.6984375 0.9039735099337748 0.05625 0.17218543046357615
13 0.7234375 0.8774834437086093 0.0359375 0.10927152317880795
13 0.703125 0.7996688741721855 0.0359375 0.04304635761589404
13 0.7296875 0.7301324503311258 0.0203125 0.046357615894039736
13 0.7171875 0.6937086092715232 0.03125 0.04304635761589404
5 0.6296875 0.7235099337748344 0.0140625 0.056291390728476824
3 0.6859375 0.7102649006622517 0.028125 0.046357615894039736
13 0.80078125 0.9486754966887417 0.0640625 0.08278145695364239
5 0.778125 0.9006622516556292 0.03125 0.09933774834437085
5 0.8625 0.945364238410596 0.040625 0.08940397350993377
19 0.934375 0.9337748344370861 0.1125 0.08609271523178808
19 0.890625 0.8692052980132451 0.1015625 0.056291390728476824
12 0.8640625 0.8327814569536424 0.096875 0.09602649006622517
7 0.746875 0.8096026490066225 0.015625 0.04304635761589404
2 0.7625 0.7533112582781457 0.0109375 0.026490066225165563
19 0.71875 0.7764900662251656 0.0359375 0.059602649006622516
13 0.7546875 0.7003311258278145 0.01875 0.046357615894039736
11 0.74375 0.6572847682119205 0.025 0.059602649006622516
2 0.759375 0.8029801324503312 0.00625 0.03642384105960265