13 0.159375 0.9591503267973857 0.1296875 0.06372549019607843
13 0.2921875 0.9591503267973857 0.1453125 0.06372549019607843
13 0.3078125 0.9215686274509803 0.1390625 0.06372549019607843
16 0.1359375 0.9330065359477124 0.0671875 0.03594771241830065
16 0.33125 0.8790849673202614 0.075 0.027777777777777776
2 0.4 0.8774509803921569 0.0671875 0.04738562091503268
2 0.428125 0.8700980392156863 0.05 0.04411764705882353
2 0.43125 0.8080065359477124 0.040625 0.0392156862745098
5 0.484375 0.8839869281045751 0.0625 0.08169934640522876
19 0.4953125 0.8194444444444444 0.103125 0.06372549019607843
2 0.5890625 0.8684640522875817 0.028125 0.049019607843137254
2 0.5296875 0.7834967320261438 0.028125 0.024509803921568627
16 0.5359375 0.7622549019607843 0.04375 0.02287581699346405
13 0.6375 0.8619281045751634 0.0703125 0.09477124183006536
19 0.690625 0.7704248366013072 0.065625 0.049019607843137254
12 0.7328125 0.7214052287581699 0.034375 0.049019607843137254
5 0.796875 0.7214052287581699 0.0125 0.04411764705882353
11 0.8890625 0.755718954248366 0.075 0.08169934640522876
17 0.8796875 0.6723856209150327 0.065625 0.07026143790849673
13 0.971875 0.6772875816993464 0.0140625 0.03431372549019608
19 0.9203125 0.6560457516339869 0.0109375 0.0196078431372549
17 0.9640625 0.6282679738562091 0.03125 0.03104575163398693