2 0.7890625 0.9329805996472663 0.1015625 0.08289241622574955
5 0.615625 0.9382716049382716 0.071875 0.11816578483245149
5 0.315625 0.8095238095238095 0.05 0.10229276895943562
5 0.2703125 0.7619047619047619 0.040625 0.07407407407407407
13 0.525 0.8871252204585538 0.0984375 0.1128747795414462
19 0.703125 0.8959435626102292 0.1765625 0.09347442680776014
19 0.6234375 0.8324514991181657 0.165625 0.07583774250440917
12 0.5703125 0.7848324514991182 0.16875 0.08112874779541446
19 0.3109375 0.7292768959435626 0.0609375 0.06172839506172839
7 0.3609375 0.763668430335097 0.03125 0.04409171075837742
2 0.3921875 0.7134038800705468 0.028125 0.029982363315696647
13 0.3296875 0.6869488536155203 0.0359375 0.05114638447971781
17 0.2546875 0.6358024691358025 0.1203125 0.12874779541446207
3 0.34375 0.626984126984127 0.0546875 0.06172839506172839