19 0.134375 0.5766609880749574 0.2625 0.2572402044293015
19 0.2453125 0.49318568994889267 0.2703125 0.1362862010221465
19 0.1484375 0.4182282793867121 0.2 0.09369676320272573
2 0.590625 0.47614991482112434 0.078125 0.10732538330494037
2 0.796875 0.42674616695059625 0.0234375 0.04599659284497445
2 0.675 0.4557069846678024 0.0359375 0.08347529812606473
2 0.6265625 0.39267461669505965 0.0171875 0.03577512776831346
16 0.9625 0.45911413969335607 0.0390625 0.07666098807495741
16 0.86875 0.4437819420783646 0.021875 0.04258943781942078
5 0.909375 0.4045996592844974 0.0296875 0.04770017035775128
5 0.8453125 0.40119250425894376 0.028125 0.04770017035775128
5 0.83125 0.39267461669505965 0.0171875 0.03577512776831346
5 0.803125 0.3909710391822828 0.01875 0.03747870528109029
5 0.76875 0.4080068143100511 0.065625 0.06132879045996593
5 0.7375 0.3977853492333901 0.03125 0.05792163543441227
5 0.096875 0.3739352640545145 0.0484375 0.03747870528109029
19 0.0453125 0.3807495741056218 0.0796875 0.03747870528109029
19 0.425 0.37734241908006816 0.053125 0.039182282793867124
2 0.3078125 0.39267461669505965 0.05625 0.044293015332197615
2 0.409375 0.38245315161839866 0.0203125 0.03747870528109029
10 0.4890625 0.4284497444633731 0.1125 0.10391822827938671
5 0.5234375 0.37223168654173766 0.01875 0.013628620102214651
5 0.6453125 0.40630323679727426 0.0546875 0.06643952299829642