19 0.1171875 0.7310267857142857 0.1890625 0.21205357142857142
11 0.5703125 0.7779017857142857 0.4 0.41294642857142855
13 0.9046875 0.7421875 0.1828125 0.21651785714285715
10 0.93125 0.6116071428571429 0.1328125 0.109375
5 0.7125 0.6618303571428571 0.103125 0.22098214285714285
5 0.4328125 0.4330357142857143 0.065625 0.14955357142857142
5 0.334375 0.35379464285714285 0.065625 0.12946428571428573
5 0.2078125 0.3247767857142857 0.0390625 0.12946428571428573
5 0.028125 0.13058035714285715 0.025 0.06919642857142858
12 0.584375 0.5290178571428571 0.16875 0.22544642857142858
2 0.7265625 0.515625 0.0359375 0.06696428571428571
19 0.525 0.39732142857142855 0.13125 0.09598214285714286
19 0.446875 0.33370535714285715 0.15625 0.08258928571428571
19 0.278125 0.3046875 0.0796875 0.09598214285714286
12 0.4 0.28236607142857145 0.1421875 0.09151785714285714
13 0.2140625 0.2734375 0.0453125 0.109375
13 0.1234375 0.14620535714285715 0.021875 0.07589285714285714
13 0.090625 0.12276785714285714 0.0375 0.07366071428571429
16 0.0890625 0.16852678571428573 0.0140625 0.03794642857142857
16 0.0640625 0.11830357142857142 0.015625 0.03571428571428571
5 0.2140625 0.07589285714285714 0.0265625 0.04017857142857143
2 0.2171875 0.16852678571428573 0.028125 0.03571428571428571
2 0.2125 0.20870535714285715 0.0328125 0.022321428571428572