2 0.0921875 0.38333333333333336 0.0546875 0.14444444444444443
5 0.2765625 0.325 0.03125 0.08055555555555556
5 0.296875 0.3194444444444444 0.021875 0.07777777777777778
5 0.3515625 0.3111111111111111 0.025 0.06666666666666667
5 0.4296875 0.32222222222222224 0.0578125 0.09444444444444444
21 0.3921875 0.30277777777777776 0.0296875 0.058333333333333334
10 0.8296875 0.37777777777777777 0.121875 0.18333333333333332
5 0.721875 0.3416666666666667 0.040625 0.11666666666666667
5 0.615625 0.33611111111111114 0.04375 0.125
5 0.5515625 0.32222222222222224 0.028125 0.08611111111111111
5 0.578125 0.32222222222222224 0.0265625 0.06944444444444445
10 0.65 0.3333333333333333 0.0296875 0.08611111111111111