19 0.4203125 0.5638888888888889 0.08125 0.13055555555555556
19 0.315625 0.7694444444444445 0.1265625 0.19444444444444445
2 0.5765625 0.7888888888888889 0.0546875 0.19166666666666668
10 0.4890625 0.7416666666666667 0.0796875 0.20277777777777778
2 0.6515625 0.7083333333333334 0.0453125 0.17777777777777778
17 0.6421875 0.4 0.0796875 0.21666666666666667
12 0.6296875 0.5083333333333333 0.0703125 0.16111111111111112
16 0.8359375 0.75 0.04375 0.17222222222222222
19 0.690625 0.8888888888888888 0.1515625 0.21388888888888888
10 0.4359375 0.4638888888888889 0.05 0.10277777777777777
2 0.7265625 0.7611111111111111 0.0421875 0.14722222222222223
17 0.5484375 0.3 0.0734375 0.1361111111111111
19 0.4375 0.36666666666666664 0.046875 0.06388888888888888
19 0.659375 0.6194444444444445 0.0921875 0.15
2 0.7203125 0.4388888888888889 0.0265625 0.1
3 0.5296875 0.46944444444444444 0.1 0.20277777777777778
19 0.0453125 0.675 0.090625 0.15833333333333333
2 0.7015625 0.4222222222222222 0.0234375 0.1
5 0.69375 0.2861111111111111 0.025 0.07222222222222222
10 0.590625 0.30277777777777776 0.0203125 0.06111111111111111
17 0.6203125 0.16666666666666666 0.0328125 0.06111111111111111
17 0.5703125 0.15833333333333333 0.0359375 0.05