17 0.453125 0.6805555555555556 0.3890625 0.5111111111111111
19 0.3890625 0.5138888888888888 0.1796875 0.19166666666666668
10 0.1140625 0.875 0.153125 0.24444444444444444
5 0.0921875 0.6583333333333333 0.1125 0.1361111111111111
10 0.2296875 0.7361111111111112 0.1125 0.2361111111111111
10 0.06328125 0.8194444444444444 0.1265625 0.24444444444444444
10 0.06328125 0.8166666666666667 0.1265625 0.24444444444444444
10 0.584375 0.36944444444444446 0.0859375 0.12777777777777777
19 0.953125 0.08611111111111111 0.090625 0.11944444444444445
5 0.5703125 0.25 0.0734375 0.11666666666666667
10 0.240625 0.625 0.128125 0.1527777777777778
8 0.9671875 0.18055555555555555 0.0609375 0.10277777777777777