2 0.6583333333333333 0.3125 0.1111111111111111 0.1015625
23 0.475 0.2796875 0.12777777777777777 0.0515625
2 0.35 0.303125 0.058333333333333334 0.05
19 0.30277777777777776 0.2765625 0.058333333333333334 0.028125
5 0.21388888888888888 0.2984375 0.09722222222222222 0.096875
2 0.14722222222222223 0.296875 0.03333333333333333 0.0265625
12 0.13055555555555556 0.265625 0.05555555555555555 0.0359375
8 0.05 0.2625 0.03611111111111111 0.015625
2 0.005555555555555556 0.2625 0.008333333333333333 0.0125
17 0.07222222222222222 0.25625 0.019444444444444445 0.015625
11 0.09444444444444444 0.2578125 0.019444444444444445 0.0125