17 0.3421875 0.26666666666666666 0.321875 0.49166666666666664
16 0.909375 0.725 0.178125 0.5472222222222223
5 0.559375 0.3527777777777778 0.1 0.23055555555555557
5 0.85625 0.4666666666666667 0.2 0.4111111111111111
23 0.03515625 0.2513888888888889 0.0703125 0.125
3 0.1484375 0.2222222222222222 0.05 0.11666666666666667
5 0.64375 0.24166666666666667 0.028125 0.075
5 0.959375 0.41388888888888886 0.078125 0.26666666666666666
19 0.071875 0.23055555555555557 0.03125 0.05555555555555555
5 0.5671875 0.23055555555555557 0.0296875 0.05
5 0.6 0.225 0.0265625 0.041666666666666664
5 0.60625 0.33611111111111114 0.078125 0.19166666666666668
5 0.796875 0.24166666666666667 0.0375 0.05277777777777778
5 0.671875 0.2222222222222222 0.01875 0.027777777777777776
5 0.74375 0.30833333333333335 0.0421875 0.14166666666666666