5 0.3673708920187793 0.88125 0.2112676056338028 0.215625
5 0.7406103286384976 0.7765625 0.17136150234741784 0.20625
5 0.931924882629108 0.890625 0.12441314553990611 0.215625
5 0.49765258215962443 0.703125 0.14788732394366197 0.1546875
5 0.642018779342723 0.5734375 0.1056338028169014 0.125
5 0.3673708920187793 0.65 0.12206572769953052 0.13125
5 0.3274647887323944 0.7578125 0.13849765258215962 0.14375
5 0.47417840375586856 0.4734375 0.07981220657276995 0.0921875
5 0.3873239436619718 0.478125 0.08685446009389672 0.0875
5 0.431924882629108 0.565625 0.10093896713615023 0.1046875
5 0.5352112676056338 0.58125 0.10093896713615023 0.109375
5 0.539906103286385 0.4734375 0.06807511737089202 0.0875
5 0.9342723004694836 0.5703125 0.09154929577464789 0.053125
5 0.903755868544601 0.775 0.13615023474178403 0.159375