2 0.6859375 0.6277777777777778 0.0671875 0.18888888888888888
2 0.8046875 0.5333333333333333 0.0328125 0.1361111111111111
10 0.8375 0.5055555555555555 0.03125 0.09444444444444444
10 0.75 0.5138888888888888 0.0265625 0.05
19 0.7796875 0.5 0.0140625 0.03333333333333333
19 0.603125 0.55 0.0328125 0.03888888888888889
14 0.0328125 0.7388888888888889 0.065625 0.09444444444444444
14 0.165625 0.6944444444444444 0.075 0.07777777777777778
14 0.2484375 0.6611111111111111 0.0390625 0.07222222222222222
14 0.45625 0.5888888888888889 0.025 0.041666666666666664
14 0.7140625 0.5083333333333333 0.0078125 0.025
19 0.725 0.5055555555555555 0.0109375 0.016666666666666666