2 0.5953125 0.7638888888888888 0.21875 0.46944444444444444
8 0.9046875 0.475 0.1265625 0.17222222222222222
10 0.0515625 0.5638888888888889 0.103125 0.2916666666666667
19 0.2734375 0.4305555555555556 0.1296875 0.10277777777777777
23 0.409375 0.4083333333333333 0.10625 0.11388888888888889
19 0.453125 0.5055555555555555 0.1515625 0.16944444444444445
8 0.59375 0.5611111111111111 0.3078125 0.3472222222222222
19 0.7703125 0.5222222222222223 0.0734375 0.19166666666666668
10 0.828125 0.4444444444444444 0.053125 0.10555555555555556
19 0.95625 0.44166666666666665 0.0734375 0.09722222222222222
8 0.7359375 0.43333333333333335 0.103125 0.11666666666666667