8 0.6875 0.7277777777777777 0.2078125 0.18333333333333332
19 0.934375 0.7361111111111112 0.1296875 0.14444444444444443
19 0.740625 0.44166666666666665 0.1515625 0.11666666666666667
19 0.84375 0.5277777777777778 0.1671875 0.11666666666666667
8 0.7234375 0.2777777777777778 0.140625 0.13055555555555556
10 0.8984375 0.3972222222222222 0.090625 0.12222222222222222
19 0.4078125 0.44722222222222224 0.15625 0.11944444444444445
23 0.309375 0.5194444444444445 0.16875 0.14722222222222223
17 0.396875 0.28055555555555556 0.2625 0.20277777777777778
17 0.121875 0.3138888888888889 0.24375 0.21666666666666667
17 0.1328125 0.6777777777777778 0.265625 0.25555555555555554
10 0.221875 0.9194444444444444 0.1328125 0.1527777777777778
10 0.05234375 0.8625 0.1046875 0.15833333333333333
2 0.5984375 0.25555555555555554 0.053125 0.07777777777777778
8 0.06796875 0.5041666666666667 0.1359375 0.10277777777777777