17 0.3359375 0.6861111111111111 0.1875 0.225
17 0.065625 0.8083333333333333 0.13125 0.33055555555555555
17 0.45 0.5694444444444444 0.1578125 0.12777777777777777
17 0.7140625 0.5472222222222223 0.0546875 0.1361111111111111
5 0.7921875 0.6194444444444445 0.028125 0.07777777777777778
19 0.61875 0.5416666666666666 0.0328125 0.05
17 0.5734375 0.4666666666666667 0.03125 0.07222222222222222
14 0.8921875 0.6722222222222223 0.040625 0.10555555555555556
5 0.9765625 0.6583333333333333 0.0375 0.08611111111111111
21 0.878125 0.55 0.0265625 0.06944444444444445
21 0.796875 0.5 0.0265625 0.04722222222222222
17 0.4609375 0.4888888888888889 0.0765625 0.03888888888888889
17 0.4453125 0.5027777777777778 0.0734375 0.041666666666666664
5 0.821875 0.6166666666666667 0.028125 0.07222222222222222