2 0.934375 0.4722222222222222 0.03125 0.09166666666666666
5 0.8640625 0.4861111111111111 0.1015625 0.15
10 0.5234375 0.475 0.0453125 0.05277777777777778
10 0.596875 0.4722222222222222 0.046875 0.05277777777777778
5 0.665625 0.4583333333333333 0.025 0.041666666666666664
5 0.68125 0.4527777777777778 0.01875 0.041666666666666664
5 0.2953125 0.5138888888888888 0.040625 0.10833333333333334
17 0.39375 0.4666666666666667 0.15 0.11666666666666667
10 0.184375 0.525 0.04375 0.08888888888888889
2 0.24375 0.5138888888888888 0.0375 0.03888888888888889
10 0.215625 0.5 0.0171875 0.06111111111111111
10 0.2671875 0.4888888888888889 0.015625 0.041666666666666664
16 0.125 0.5166666666666667 0.03125 0.03333333333333333
10 0.06875 0.49722222222222223 0.0375 0.04722222222222222
2 0.046875 0.65 0.0546875 0.14444444444444443
10 0.1453125 0.49444444444444446 0.0140625 0.03888888888888889