10 0.590625 0.6222222222222222 0.06875 0.08333333333333333
10 0.453125 0.6527777777777778 0.025 0.09166666666666666
19 0.4015625 0.6888888888888889 0.0703125 0.07777777777777778
2 0.246875 0.7 0.025 0.09444444444444444
19 0.221875 0.6944444444444444 0.025 0.058333333333333334
10 0.290625 0.6694444444444444 0.0171875 0.03888888888888889
10 0.3125 0.6666666666666666 0.01875 0.044444444444444446
10 0.2671875 0.675 0.0140625 0.04722222222222222
5 0.278125 0.6694444444444444 0.00625 0.030555555555555555
0 0.0828125 0.7166666666666667 0.0484375 0.07222222222222222
2 0.1140625 0.7111111111111111 0.0109375 0.05
17 0.0296875 0.7138888888888889 0.059375 0.10833333333333334
17 0.3921875 0.5944444444444444 0.0734375 0.058333333333333334