21 0.4890625 0.6764018691588785 0.0765625 0.08411214953271028
10 0.5640625 0.8563084112149533 0.059375 0.07242990654205607
10 0.5265625 0.8925233644859814 0.0640625 0.06542056074766354
10 0.6046875 0.8235981308411215 0.0546875 0.06775700934579439
3 0.2984375 0.6600467289719626 0.075 0.07009345794392523
10 0.146875 0.8235981308411215 0.0625 0.07242990654205607
10 0.09375 0.883177570093458 0.0765625 0.07009345794392523
10 0.15 0.897196261682243 0.0671875 0.07242990654205607
10 0.61875 0.5887850467289719 0.0453125 0.056074766355140186
10 0.6609375 0.616822429906542 0.046875 0.053738317757009345
10 0.5765625 0.6343457943925234 0.0484375 0.053738317757009345
10 0.6625 0.669392523364486 0.05 0.056074766355140186
10 0.6265625 0.7137850467289719 0.0515625 0.056074766355140186
10 0.6921875 0.7021028037383178 0.0515625 0.0514018691588785
10 0.71875 0.6577102803738317 0.053125 0.06074766355140187
12 0.8140625 0.6238317757009346 0.065625 0.09579439252336448
10 0.4828125 0.7605140186915887 0.0578125 0.06542056074766354
5 0.3046875 0.8492990654205608 0.053125 0.06542056074766354
19 0.4109375 0.6623831775700935 0.0859375 0.07476635514018691
23 0.4046875 0.7348130841121495 0.09375 0.08177570093457943
19 0.390625 0.8095794392523364 0.0953125 0.08411214953271028
10 0.278125 0.530373831775701 0.0375 0.05841121495327103
10 0.0703125 0.5280373831775701 0.0546875 0.056074766355140186
10 0.928125 0.5841121495327103 0.0421875 0.0630841121495327
19 0.9484375 0.6647196261682243 0.0515625 0.11448598130841121
10 0.69375 0.5747663551401869 0.0421875 0.053738317757009345
10 0.715625 0.530373831775701 0.034375 0.0514018691588785
10 0.7515625 0.5163551401869159 0.0359375 0.0630841121495327
10 0.725 0.48364485981308414 0.034375 0.04672897196261682
10 0.7640625 0.4672897196261682 0.028125 0.0514018691588785
10 0.8234375 0.4953271028037383 0.03125 0.06074766355140187
12 0.7015625 0.7792056074766355 0.103125 0.11448598130841121
3 0.33125 0.18574766355140188 0.0453125 0.06074766355140187
19 0.93125 0.7932242990654206 0.065625 0.14485981308411214
10 0.7625 0.6296728971962616 0.04375 0.06542056074766354
10 0.821875 0.5537383177570093 0.0375 0.056074766355140186
19 0.6515625 0.5397196261682243 0.06875 0.06074766355140187
8 0.5328125 0.6098130841121495 0.0875 0.07476635514018691
19 0.5484375 0.7067757009345794 0.084375 0.0794392523364486
8 0.7765625 0.7161214953271028 0.0859375 0.09345794392523364
8 0.878125 0.45093457943925236 0.040625 0.08411214953271028
23 0.928125 0.4649532710280374 0.040625 0.08644859813084112
19 0.3234375 0.530373831775701 0.040625 0.08411214953271028
14 0.3125 0.5794392523364486 0.059375 0.056074766355140186
19 0.059375 0.5794392523364486 0.0921875 0.07710280373831775
2 0.215625 0.7932242990654206 0.04375 0.053738317757009345
10 0.859375 0.33294392523364486 0.0390625 0.0514018691588785
19 0.475 0.27686915887850466 0.046875 0.0397196261682243
19 0.35625 0.397196261682243 0.0328125 0.0630841121495327
19 0.4 0.3516355140186916 0.0375 0.056074766355140186
19 0.803125 0.4532710280373832 0.0296875 0.0794392523364486
19 0.7796875 0.397196261682243 0.0453125 0.06074766355140187
19 0.7375 0.4322429906542056 0.0296875 0.06775700934579439
23 0.7171875 0.3469626168224299 0.04375 0.07009345794392523
8 0.9046875 0.5210280373831776 0.0359375 0.08644859813084112
17 0.871875 0.2091121495327103 0.03125 0.07476635514018691
19 0.6640625 0.26985981308411217 0.0515625 0.04906542056074766
19 0.78125 0.30257009345794394 0.0546875 0.0514018691588785
19 0.834375 0.3925233644859813 0.04375 0.06542056074766354
4 0.225 0.43457943925233644 0.040625 0.0794392523364486