19 0.6638888888888889 0.5828125 0.1638888888888889 0.0796875
8 0.46111111111111114 0.5734375 0.15555555555555556 0.0734375
19 0.2111111111111111 0.56875 0.11666666666666667 0.0515625
10 0.3111111111111111 0.565625 0.06111111111111111 0.046875
10 0.011111111111111112 0.5859375 0.022222222222222223 0.1046875
10 0.11944444444444445 0.5640625 0.044444444444444446 0.0328125
5 0.25833333333333336 0.5578125 0.025 0.0234375
23 0.8805555555555555 0.5640625 0.14166666666666666 0.0828125
8 0.975 0.5671875 0.044444444444444446 0.0234375
19 0.5805555555555556 0.565625 0.027777777777777776 0.0359375
11 0.4888888888888889 0.5203125 0.15555555555555556 0.0484375