17 0.4859375 0.4527777777777778 0.1046875 0.24444444444444444
17 0.7234375 0.39166666666666666 0.0734375 0.19722222222222222
10 0.715625 0.6444444444444445 0.071875 0.17222222222222222
17 0.8484375 0.6555555555555556 0.209375 0.4666666666666667
5 0.840625 0.4361111111111111 0.0328125 0.07222222222222222
5 0.95625 0.425 0.05625 0.09444444444444444
5 0.3453125 0.5944444444444444 0.053125 0.14444444444444443
17 0.2203125 0.48055555555555557 0.14375 0.23333333333333334
17 0.08046875 0.5291666666666667 0.1609375 0.30277777777777776
19 0.5765625 0.3055555555555556 0.0296875 0.05
19 0.5765625 0.25833333333333336 0.0265625 0.03333333333333333
5 0.771875 0.31666666666666665 0.0203125 0.05555555555555555
21 0.8421875 0.2972222222222222 0.0296875 0.06666666666666667
21 0.7625 0.25 0.028125 0.05555555555555555
5 0.75 0.275 0.0203125 0.05277777777777778
10 0.4546875 0.33611111111111114 0.0328125 0.06111111111111111
17 0.4109375 0.30833333333333335 0.078125 0.11666666666666667
17 0.4390625 0.2388888888888889 0.0453125 0.06944444444444445
17 0.5484375 0.225 0.028125 0.06666666666666667
5 0.3609375 0.325 0.0265625 0.05555555555555555