5 0.471875 0.6138888888888889 0.2828125 0.49722222222222223
5 0.165625 0.7166666666666667 0.209375 0.5611111111111111
16 0.2671875 0.5222222222222223 0.13125 0.37222222222222223
16 0.2078125 0.3888888888888889 0.071875 0.20555555555555555
19 0.4109375 0.4 0.2203125 0.17222222222222222
19 0.5046875 0.4166666666666667 0.09375 0.15555555555555556
12 0.6625 0.43333333333333335 0.2890625 0.31666666666666665
2 0.8296875 0.41388888888888886 0.0328125 0.10833333333333334
5 0.8828125 0.4388888888888889 0.084375 0.25
5 0.9515625 0.4777777777777778 0.0796875 0.2833333333333333
5 0.946875 0.35555555555555557 0.059375 0.14166666666666666
23 0.890625 0.3111111111111111 0.0828125 0.07777777777777778
17 0.08359375 0.24166666666666667 0.1671875 0.38333333333333336