16 0.8953125 0.4111111111111111 0.0265625 0.08333333333333333
10 0.934375 0.33055555555555555 0.0390625 0.06388888888888888
10 0.8515625 0.3416666666666667 0.046875 0.06111111111111111
10 0.79375 0.3472222222222222 0.0515625 0.058333333333333334
10 0.7484375 0.35 0.0390625 0.05277777777777778
10 0.5859375 0.36944444444444446 0.046875 0.05555555555555555
10 0.6765625 0.35833333333333334 0.0453125 0.05277777777777778
19 0.5203125 0.4083333333333333 0.0515625 0.07222222222222222
19 0.425 0.3972222222222222 0.075 0.05
10 0.3453125 0.37777777777777777 0.03125 0.03888888888888889
10 0.3109375 0.38333333333333336 0.025 0.030555555555555555
5 0.290625 0.3861111111111111 0.0171875 0.03888888888888889
5 0.12734375 0.5402777777777777 0.2546875 0.4583333333333333