10 0.8722222222222222 0.2890625 0.19166666666666668 0.109375
10 0.6166666666666667 0.2859375 0.15 0.09375
23 0.48055555555555557 0.2546875 0.04722222222222222 0.0234375
19 0.4083333333333333 0.25625 0.03333333333333333 0.0140625
2 0.37222222222222223 0.2609375 0.019444444444444445 0.025
2 0.325 0.271875 0.03888888888888889 0.046875
2 0.2361111111111111 0.2640625 0.019444444444444445 0.021875
3 0.20833333333333334 0.2578125 0.025 0.0140625
5 0.10833333333333334 0.3046875 0.14722222222222223 0.1328125
16 0.013888888888888888 0.2859375 0.027777777777777776 0.065625
17 0.2916666666666667 0.25 0.019444444444444445 0.0140625
16 0.975 0.2515625 0.013888888888888888 0.015625