17 0.409375 0.6926229508196722 0.3328125 0.5218579234972678
17 0.1390625 0.5218579234972678 0.2609375 0.42349726775956287
17 0.54375 0.45081967213114754 0.184375 0.6693989071038251
17 0.7359375 0.3825136612021858 0.1703125 0.43989071038251365
17 0.3703125 0.31830601092896177 0.1625 0.2568306010928962
17 0.259375 0.17349726775956284 0.3515625 0.18032786885245902
10 0.9625 0.7117486338797814 0.06875 0.10382513661202186
10 0.96875 0.8756830601092896 0.05625 0.23224043715846995
2 0.8 0.0546448087431694 0.021875 0.07103825136612021
5 0.8484375 0.05191256830601093 0.028125 0.07103825136612021
5 0.871875 0.04644808743169399 0.0265625 0.07377049180327869