17 0.35 0.4583333333333333 0.1140625 0.23055555555555557
17 0.621875 0.4722222222222222 0.1828125 0.23333333333333334
19 0.875 0.7861111111111111 0.134375 0.19722222222222222
23 0.7375 0.7333333333333333 0.1046875 0.22777777777777777
19 0.9328125 0.7083333333333334 0.13125 0.16111111111111112
19 0.878125 0.5666666666666667 0.103125 0.13055555555555556
10 0.4 0.7277777777777777 0.0765625 0.19722222222222222
8 0.528125 0.8194444444444444 0.1390625 0.23333333333333334
10 0.646875 0.8333333333333334 0.1109375 0.23055555555555557
2 0.5140625 0.5888888888888889 0.0375 0.125
19 0.815625 0.6555555555555556 0.0984375 0.1527777777777778
10 0.1828125 0.8777777777777778 0.0828125 0.18888888888888888
10 0.1484375 0.9444444444444444 0.10625 0.10555555555555556
19 0.759375 0.5777777777777777 0.1046875 0.08888888888888889
19 0.95 0.8972222222222223 0.0953125 0.19444444444444445
19 0.6 0.6777777777777778 0.11875 0.14444444444444443
19 0.646875 0.5861111111111111 0.1 0.10555555555555556
19 0.4375 0.5833333333333334 0.075 0.12777777777777777
12 0.090625 0.775 0.175 0.2111111111111111
10 0.271875 0.6555555555555556 0.065625 0.15555555555555556
10 0.325 0.5722222222222222 0.053125 0.10555555555555556