8 0.5625 0.675 0.1796875 0.18611111111111112
10 0.7203125 0.6555555555555556 0.1 0.11944444444444445
19 0.8125 0.6611111111111111 0.0765625 0.09722222222222222
8 0.9109375 0.7222222222222222 0.175 0.3611111111111111
2 0.2578125 0.6861111111111111 0.0828125 0.07222222222222222
12 0.1 0.6611111111111111 0.0390625 0.05277777777777778
10 0.03125 0.6694444444444444 0.0234375 0.044444444444444446
5 0.0640625 0.6583333333333333 0.0109375 0.03333333333333333
5 0.00625 0.6666666666666666 0.0125 0.041666666666666664
2 0.15 0.65 0.00625 0.019444444444444445
10 0.140625 0.6472222222222223 0.00625 0.013888888888888888
2 0.36875 0.6472222222222223 0.0078125 0.019444444444444445