8 0.6229166666666667 0.559375 0.2625 0.1171875
19 0.45625 0.5203125 0.07291666666666667 0.0359375
2 0.3458333333333333 0.5359375 0.035416666666666666 0.0296875
2 0.375 0.53125 0.025 0.0265625
19 0.275 0.5171875 0.07916666666666666 0.0421875
16 0.17291666666666666 0.5109375 0.025 0.0484375
5 0.15625 0.49375 0.014583333333333334 0.0171875
19 0.23958333333333334 0.5 0.022916666666666665 0.01875
3 0.20208333333333334 0.496875 0.0375 0.0390625
17 0.28125 0.4875 0.016666666666666666 0.0109375
17 0.3020833333333333 0.4890625 0.016666666666666666 0.009375
12 0.3375 0.5046875 0.05416666666666667 0.034375
16 0.14583333333333334 0.5015625 0.0125 0.0265625
19 0.22708333333333333 0.4953125 0.0125 0.0109375