17 0.8328125 0.4722222222222222 0.228125 0.24444444444444444
21 0.9890625 0.45555555555555555 0.0171875 0.075
10 0.5109375 0.49722222222222223 0.05 0.05555555555555555
19 0.59375 0.5 0.0640625 0.058333333333333334
5 0.6484375 0.4777777777777778 0.0265625 0.03888888888888889
5 0.6640625 0.4722222222222222 0.01875 0.041666666666666664
10 0.4203125 0.5111111111111111 0.03125 0.058333333333333334
10 0.26875 0.525 0.053125 0.06944444444444445
19 0.3265625 0.5944444444444444 0.2640625 0.15555555555555556
5 0.2140625 0.5444444444444444 0.0375 0.10277777777777777
5 0.1578125 0.5472222222222223 0.028125 0.09166666666666666
10 0.071875 0.7277777777777777 0.14375 0.5388888888888889