8 0.7796875 0.7583333333333333 0.296875 0.19444444444444445
10 0.6171875 0.6638888888888889 0.0359375 0.10833333333333334
8 0.50625 0.6722222222222223 0.1328125 0.15833333333333333
12 0.1078125 0.6611111111111111 0.0421875 0.058333333333333334
2 0.278125 0.6833333333333333 0.075 0.06666666666666667
19 0.078125 0.7138888888888889 0.0765625 0.10833333333333334
16 0.040625 0.7611111111111111 0.065625 0.08888888888888889
5 0.08125 0.6527777777777778 0.0078125 0.016666666666666666
5 0.1328125 0.6555555555555556 0.00625 0.022222222222222223
5 0.1375 0.6527777777777778 0.003125 0.019444444444444445
10 0.15625 0.65 0.0046875 0.013888888888888888
2 0.1640625 0.6555555555555556 0.0046875 0.013888888888888888