19 0.8671875 0.4361111111111111 0.253125 0.18333333333333332
10 0.7875 0.3638888888888889 0.040625 0.05555555555555555
10 0.7375 0.36666666666666664 0.0484375 0.06388888888888888
10 0.61875 0.37222222222222223 0.0484375 0.05277777777777778
3 0.5203125 0.4 0.05625 0.08611111111111111
19 0.4484375 0.4305555555555556 0.078125 0.09166666666666666
8 0.3734375 0.4 0.075 0.058333333333333334
3 0.2875 0.39444444444444443 0.0765625 0.05555555555555555
5 0.2296875 0.38333333333333336 0.0171875 0.03611111111111111
19 0.10859375 0.49583333333333335 0.2171875 0.1638888888888889
5 0.9578125 0.3388888888888889 0.0296875 0.03888888888888889
5 0.975 0.33611111111111114 0.021875 0.044444444444444446
16 0.6734375 0.5861111111111111 0.09375 0.25277777777777777