10 0.89375 0.5055555555555555 0.03125 0.06666666666666667
10 0.8734375 0.49444444444444446 0.0125 0.03333333333333333
19 0.8609375 0.49444444444444446 0.0109375 0.013888888888888888
2 0.8484375 0.5333333333333333 0.0234375 0.05277777777777778
2 0.8078125 0.5333333333333333 0.0203125 0.075
2 0.746875 0.5611111111111111 0.0234375 0.11388888888888889
5 0.7 0.55 0.0234375 0.06666666666666667
5 0.6828125 0.55 0.0109375 0.06944444444444445
5 0.5984375 0.5861111111111111 0.0328125 0.09722222222222222
5 0.61875 0.5694444444444444 0.0140625 0.05277777777777778
5 0.728125 0.5416666666666666 0.0140625 0.06388888888888888