19 0.359375 0.6527777777777778 0.3234375 0.4222222222222222
23 0.1640625 0.4222222222222222 0.1296875 0.24166666666666667
2 0.2796875 0.41944444444444445 0.053125 0.11388888888888889
5 0.325 0.3638888888888889 0.0359375 0.10555555555555556
17 0.6703125 0.4597222222222222 0.65625 0.9194444444444444
5 0.2578125 0.325 0.0359375 0.04722222222222222
5 0.2921875 0.325 0.0234375 0.058333333333333334
17 0.134375 0.2833333333333333 0.0421875 0.03888888888888889
19 0.090625 0.325 0.01875 0.058333333333333334
19 0.2203125 0.36944444444444446 0.0484375 0.07777777777777778
8 0.2765625 0.4 0.103125 0.11944444444444445
17 0.0375 0.28055555555555556 0.0296875 0.041666666666666664