2 0.7171875 0.7527777777777778 0.0734375 0.17222222222222222
16 0.8515625 0.35833333333333334 0.0328125 0.05277777777777778
19 0.946875 0.4527777777777778 0.075 0.08333333333333333
19 0.61875 0.6138888888888889 0.159375 0.1527777777777778
5 0.7 0.5777777777777777 0.0875 0.1388888888888889
12 0.4125 0.48333333333333334 0.11875 0.12222222222222222
19 0.4 0.5555555555555556 0.10625 0.125
19 0.4921875 0.65 0.1296875 0.175
19 0.5921875 0.8611111111111112 0.1625 0.2722222222222222
2 0.7890625 0.9 0.0640625 0.19444444444444445
12 0.26875 0.4305555555555556 0.1125 0.10555555555555556
17 0.109375 0.34444444444444444 0.1125 0.1