21 0.88125 0.580338266384778 0.071875 0.09090909090909091
19 0.4375 0.5866807610993657 0.0609375 0.06553911205073996
5 0.1671875 0.5887949260042283 0.05 0.07399577167019028
5 0.1125 0.5972515856236786 0.034375 0.07399577167019028
3 0.04375 0.5972515856236786 0.0609375 0.07188160676532769
5 0.315625 0.5697674418604651 0.0203125 0.03171247357293869
11 0.53125 0.5507399577167019 0.053125 0.07399577167019028
5 0.58125 0.5613107822410148 0.0125 0.023255813953488372
11 0.4359375 0.5380549682875264 0.021875 0.03171247357293869
5 0.7453125 0.5697674418604651 0.021875 0.048625792811839326
11 0.253125 0.5676532769556025 0.05 0.05708245243128964
23 0.346875 0.5591966173361522 0.034375 0.023255813953488372
11 0.39375 0.5507399577167019 0.0234375 0.035940803382663845