2 0.753125 0.6638888888888889 0.0328125 0.125
2 0.8328125 0.625 0.0203125 0.07777777777777778
2 0.8703125 0.6166666666666667 0.0203125 0.075
10 0.915625 0.5972222222222222 0.0359375 0.06388888888888888
5 0.665625 0.6611111111111111 0.0375 0.1
5 0.6375 0.6638888888888889 0.0171875 0.09722222222222222
5 0.5015625 0.6972222222222222 0.040625 0.08888888888888889
5 0.43125 0.7305555555555555 0.0703125 0.16111111111111112
12 0.728125 0.6305555555555555 0.0203125 0.05277777777777778
5 0.703125 0.6527777777777778 0.0265625 0.09166666666666666
5 0.7625 0.6194444444444445 0.0125 0.030555555555555555
19 0.8875 0.5861111111111111 0.0125 0.019444444444444445
14 0.234375 0.8111111111111111 0.1 0.09444444444444444