2 0.6944444444444444 0.4046875 0.11388888888888889 0.06875
23 0.6638888888888889 0.34375 0.175 0.04375
2 0.44166666666666665 0.3609375 0.05555555555555555 0.0703125
19 0.37777777777777777 0.3453125 0.06111111111111111 0.0359375
2 0.20833333333333334 0.3515625 0.03333333333333333 0.0578125
5 0.14444444444444443 0.3484375 0.08333333333333333 0.0890625
8 0.075 0.3234375 0.022222222222222223 0.0109375
17 0.08055555555555556 0.3140625 0.022222222222222223 0.0078125
19 0.2972222222222222 0.325 0.019444444444444445 0.009375
2 0.011111111111111112 0.325 0.011111111111111112 0.0140625
2 0.027777777777777776 0.3234375 0.008333333333333333 0.009375
2 0.05277777777777778 0.3234375 0.011111111111111112 0.009375