10 0.4578125 0.8120437956204379 0.11875 0.291970802919708
19 0.6421875 0.5912408759124088 0.06875 0.12043795620437957
19 0.671875 0.5291970802919708 0.0453125 0.07664233576642336
10 0.546875 0.6240875912408759 0.059375 0.15693430656934307
3 0.4328125 0.5948905109489051 0.16875 0.17883211678832117
5 0.184375 0.698905109489051 0.1 0.16423357664233576
2 0.028125 0.7609489051094891 0.05625 0.09854014598540146
5 0.509375 0.5145985401459854 0.0203125 0.06934306569343066
10 0.5703125 0.5218978102189781 0.0234375 0.051094890510948905
10 0.5796875 0.5109489051094891 0.0265625 0.06204379562043796
19 0.5421875 0.4927007299270073 0.0296875 0.043795620437956206
19 0.1 0.6916058394160584 0.103125 0.11678832116788321