19 0.225 0.8722222222222222 0.396875 0.2361111111111111
5 0.6140625 0.8138888888888889 0.2078125 0.28055555555555556
5 0.43125 0.7944444444444444 0.2140625 0.2638888888888889
9 0.26875 0.7416666666666667 0.1234375 0.09722222222222222
23 0.403125 0.725 0.0765625 0.10555555555555556
10 0.44375 0.7083333333333334 0.0296875 0.06944444444444445
2 0.4453125 0.7222222222222222 0.021875 0.07777777777777778
8 0.3578125 0.7055555555555556 0.0421875 0.06944444444444445
19 0.1234375 0.7694444444444445 0.21875 0.11944444444444445
9 0.3046875 0.7083333333333334 0.04375 0.05555555555555555
5 0.0484375 0.7166666666666667 0.025 0.05277777777777778
23 0.1765625 0.6888888888888889 0.0265625 0.025
23 0.190625 0.6861111111111111 0.0171875 0.019444444444444445
2 0.5 0.7027777777777777 0.01875 0.058333333333333334
5 0.784375 0.725 0.0484375 0.1
5 0.8578125 0.7222222222222222 0.071875 0.10555555555555556