10 0.3703125 0.8944444444444445 0.15625 0.2
10 0.5015625 0.5972222222222222 0.1 0.125
10 0.203125 0.3333333333333333 0.01875 0.044444444444444446
10 0.440625 0.36944444444444446 0.025 0.05277777777777778
10 0.5109375 0.3416666666666667 0.0234375 0.019444444444444445
10 0.496875 0.33611111111111114 0.01875 0.03611111111111111
10 0.3734375 0.3055555555555556 0.0125 0.03333333333333333
10 0.478125 0.32222222222222224 0.021875 0.025
10 0.3296875 0.375 0.021875 0.05277777777777778
19 0.1375 0.6944444444444444 0.2046875 0.16111111111111112
3 0.653125 0.6194444444444445 0.18125 0.14444444444444443
8 0.66875 0.8777777777777778 0.265625 0.18888888888888888
19 0.4171875 0.7527777777777778 0.2015625 0.15833333333333333
5 0.4671875 0.8583333333333333 0.10625 0.2361111111111111
5 0.6015625 0.5194444444444445 0.0671875 0.10833333333333334
5 0.20625 0.6083333333333333 0.046875 0.12222222222222222
5 0.028125 0.6055555555555555 0.0546875 0.10833333333333334
5 0.9484375 0.6361111111111111 0.078125 0.11388888888888889
5 0.95625 0.5416666666666666 0.059375 0.05555555555555555
3 0.2953125 0.3472222222222222 0.0359375 0.06944444444444445
4 0.03984375 0.36527777777777776 0.0796875 0.11944444444444445
8 0.959375 0.3972222222222222 0.0734375 0.10277777777777777
19 0.28125 0.44166666666666665 0.046875 0.07222222222222222
19 0.3453125 0.44722222222222224 0.0453125 0.08055555555555556
8 0.3984375 0.4444444444444444 0.0421875 0.08888888888888889
19 0.4890625 0.4722222222222222 0.05625 0.08055555555555556
8 0.5265625 0.4388888888888889 0.05 0.08055555555555556
12 0.515625 0.39166666666666666 0.034375 0.08055555555555556
19 0.4578125 0.42777777777777776 0.040625 0.06944444444444445
21 0.353125 0.2833333333333333 0.01875 0.030555555555555555
3 0.3921875 0.3055555555555556 0.0234375 0.06388888888888888
12 0.3640625 0.36666666666666664 0.034375 0.075
23 0.25 0.275 0.0234375 0.03888888888888889
2 0.28125 0.24722222222222223 0.00625 0.019444444444444445
2 0.3015625 0.23055555555555557 0.0046875 0.016666666666666666
8 0.4359375 0.3277777777777778 0.028125 0.05555555555555555
23 0.409375 0.36944444444444446 0.034375 0.058333333333333334
23 0.4 0.35 0.028125 0.06388888888888888
19 0.2921875 0.4027777777777778 0.04375 0.058333333333333334
19 0.453125 0.39166666666666666 0.0375 0.05555555555555555
19 0.4875 0.37777777777777777 0.0203125 0.044444444444444446
19 0.475 0.35833333333333334 0.0296875 0.04722222222222222
0 0.459375 0.2861111111111111 0.0234375 0.03611111111111111
23 0.459375 0.325 0.0171875 0.03888888888888889
12 0.4171875 0.2916666666666667 0.0203125 0.041666666666666664
8 0.359375 0.325 0.0265625 0.05
19 0.321875 0.3277777777777778 0.0234375 0.03333333333333333
19 0.3171875 0.3055555555555556 0.0234375 0.016666666666666666
23 0.321875 0.2833333333333333 0.025 0.03333333333333333
19 0.3203125 0.29444444444444445 0.021875 0.011111111111111112
12 0.3625 0.275 0.01875 0.03333333333333333
12 0.35625 0.25833333333333336 0.015625 0.022222222222222223
17 0.4109375 0.2361111111111111 0.021875 0.044444444444444446
17 0.4296875 0.225 0.015625 0.025
12 0.43125 0.25 0.0125 0.022222222222222223
22 0.3796875 0.24444444444444444 0.0109375 0.013888888888888888
12 0.34375 0.24722222222222223 0.0140625 0.022222222222222223
19 0.115625 0.5555555555555556 0.084375 0.13055555555555556
19 0.9203125 0.9277777777777778 0.15 0.13333333333333333
2 0.5859375 0.9555555555555556 0.0765625 0.075