19 0.85 0.45625 0.29791666666666666 0.29375
19 0.3770833333333333 0.3109375 0.14375 0.0671875
19 0.4166666666666667 0.296875 0.06875 0.0453125
19 0.08333333333333333 0.296875 0.07083333333333333 0.040625
19 0.18333333333333332 0.2890625 0.04375 0.0296875
2 0.23541666666666666 0.2953125 0.03125 0.046875
19 0.27708333333333335 0.2875 0.03125 0.025
10 0.11458333333333333 0.2890625 0.04375 0.040625
16 0.03125 0.2921875 0.022916666666666665 0.04375
2 0.15208333333333332 0.2828125 0.01875 0.028125
17 0.0875 0.2640625 0.020833333333333332 0.0078125
3 0.17916666666666667 0.2640625 0.041666666666666664 0.021875
2 0.2125 0.290625 0.027083333333333334 0.0453125
17 0.11458333333333333 0.2625 0.025 0.0109375
19 0.25416666666666665 0.290625 0.04791666666666667 0.0375
17 0.30416666666666664 0.265625 0.03333333333333333 0.0125