5 0.509375 0.7888888888888889 0.4640625 0.4083333333333333
5 0.853125 0.625 0.290625 0.7111111111111111
5 0.203125 0.5916666666666667 0.259375 0.6944444444444444
3 0.29375 0.275 0.2046875 0.33611111111111114
10 0.61875 0.23055555555555557 0.1109375 0.18333333333333332
19 0.7140625 0.2361111111111111 0.1125 0.14444444444444443
17 0.1171875 0.19444444444444445 0.2109375 0.3
17 0.02890625 0.4097222222222222 0.0578125 0.7194444444444444
3 0.6265625 0.14444444444444443 0.1125 0.08611111111111111
5 0.5 0.38333333333333336 0.1796875 0.4527777777777778
12 0.9109375 0.20555555555555555 0.1734375 0.16111111111111112
5 0.8171875 0.20833333333333334 0.103125 0.12222222222222222
17 0.3203125 0.12222222222222222 0.08125 0.06944444444444445