10 0.09791666666666667 0.5046875 0.19166666666666668 0.1140625
2 0.27708333333333335 0.46875 0.03125 0.0390625
19 0.45 0.4671875 0.035416666666666666 0.0203125
21 0.38958333333333334 0.459375 0.029166666666666667 0.0265625
8 0.46875 0.4625 0.022916666666666665 0.01875
2 0.5125 0.4625 0.008333333333333333 0.0125
19 0.4979166666666667 0.4578125 0.008333333333333333 0.00625
17 0.51875 0.45625 0.010416666666666666 0.0125
5 0.5416666666666666 0.4609375 0.010416666666666666 0.0125
17 0.54375 0.4578125 0.008333333333333333 0.009375
2 0.53125 0.459375 0.0020833333333333333 0.0046875
19 0.8 0.4765625 0.10208333333333333 0.0265625
8 0.7104166666666667 0.46875 0.05625 0.025
19 0.65 0.4671875 0.029166666666666667 0.0125
19 0.6145833333333334 0.4640625 0.022916666666666665 0.0140625
8 0.6 0.4625 0.014583333333333334 0.009375
17 0.5520833333333334 0.45625 0.008333333333333333 0.00625
8 0.5666666666666667 0.459375 0.0125 0.0046875
2 0.6770833333333334 0.4671875 0.008333333333333333 0.0109375
5 0.42291666666666666 0.4609375 0.014583333333333334 0.0171875
2 0.94375 0.48125 0.027083333333333334 0.0375