19 0.2953125 0.8861111111111111 0.5546875 0.2222222222222222
23 0.44375 0.7777777777777778 0.171875 0.225
10 0.821875 0.7722222222222223 0.1328125 0.17222222222222222
2 0.5953125 0.7388888888888889 0.03125 0.1
5 0.7203125 0.7333333333333333 0.04375 0.09444444444444444
5 0.5203125 0.7472222222222222 0.0546875 0.12222222222222222
9 0.146875 0.7472222222222222 0.0921875 0.1111111111111111
5 0.165625 0.7916666666666666 0.2125 0.16944444444444445
10 0.2828125 0.7333333333333333 0.0453125 0.08888888888888889
23 0.3296875 0.7194444444444444 0.059375 0.08611111111111111
9 0.153125 0.75 0.084375 0.13333333333333333
2 0.3046875 0.7388888888888889 0.0453125 0.09166666666666666
17 0.2765625 0.675 0.01875 0.022222222222222223
5 0.0671875 0.7416666666666667 0.090625 0.14166666666666666
19 0.10625 0.6972222222222222 0.01875 0.030555555555555555