19 0.8458333333333333 0.4875 0.2833333333333333 0.103125
19 0.3333333333333333 0.4765625 0.225 0.0984375
10 0.23333333333333334 0.4390625 0.06458333333333334 0.05625
8 0.3854166666666667 0.4390625 0.09166666666666666 0.040625
19 0.18958333333333333 0.4359375 0.03333333333333333 0.0421875
16 0.07083333333333333 0.43125 0.022916666666666665 0.046875
2 0.12916666666666668 0.4359375 0.03125 0.0515625
19 0.17083333333333334 0.4234375 0.035416666666666666 0.0203125
23 0.17083333333333334 0.4109375 0.027083333333333334 0.0078125
17 0.15833333333333333 0.403125 0.03125 0.0109375
3 0.25625 0.4140625 0.052083333333333336 0.0359375
19 0.10833333333333334 0.41875 0.020833333333333332 0.0203125
17 0.13333333333333333 0.403125 0.020833333333333332 0.0078125
23 0.19583333333333333 0.4109375 0.01875 0.00625
10 0.2 0.4125 0.016666666666666666 0.0046875
17 0.29583333333333334 0.409375 0.027083333333333334 0.0109375