12 0.15 0.5694444444444444 0.15 0.1
23 0.321875 0.6055555555555555 0.0453125 0.041666666666666664
19 0.521875 0.7 0.046875 0.06111111111111111
19 0.86875 0.7027777777777777 0.15 0.06388888888888888
19 0.678125 0.6916666666666667 0.0625 0.03888888888888889
17 0.4875 0.6694444444444444 0.0140625 0.03333333333333333
2 0.4796875 0.6833333333333333 0.0046875 0.019444444444444445
19 0.496875 0.6805555555555556 0.0125 0.022222222222222223
23 0.6140625 0.6888888888888889 0.028125 0.022222222222222223
16 0.4390625 0.6833333333333333 0.0078125 0.03611111111111111
23 0.375 0.6138888888888889 0.0296875 0.022222222222222223
19 0.9796875 0.7055555555555556 0.0359375 0.03888888888888889