8 0.6854166666666667 0.48125 0.48125 0.2015625
19 0.3 0.415625 0.11041666666666666 0.0578125
19 0.35 0.403125 0.05416666666666667 0.0421875
2 0.18333333333333332 0.4046875 0.03125 0.0421875
19 0.21458333333333332 0.403125 0.0375 0.034375
16 0.01875 0.403125 0.020833333333333332 0.0390625
19 0.08541666666666667 0.403125 0.06041666666666667 0.03125
3 0.15625 0.3859375 0.03958333333333333 0.0359375
19 0.16875 0.3984375 0.020833333333333332 0.0265625
19 0.24375 0.3953125 0.035416666666666666 0.0203125
17 0.1 0.3765625 0.029166666666666667 0.0109375
10 0.12083333333333333 0.390625 0.016666666666666666 0.0171875
17 0.07291666666666667 0.378125 0.01875 0.0078125