19 0.35625 0.2796875 0.14166666666666666 0.071875
19 0.8354166666666667 0.415625 0.3229166666666667 0.29375
19 0.0625 0.2671875 0.07083333333333333 0.0390625
19 0.1625 0.259375 0.04375 0.0328125
2 0.18958333333333333 0.2625 0.027083333333333334 0.0453125
2 0.21458333333333332 0.2671875 0.025 0.05
19 0.23541666666666666 0.2640625 0.04375 0.0375
19 0.25625 0.2578125 0.03333333333333333 0.0265625
10 0.09166666666666666 0.259375 0.04375 0.040625
3 0.15625 0.2390625 0.04583333333333333 0.025
2 0.12916666666666668 0.253125 0.014583333333333334 0.0265625
17 0.09166666666666666 0.234375 0.027083333333333334 0.0109375
17 0.06458333333333334 0.2359375 0.022916666666666665 0.009375
16 0.010416666666666666 0.2625 0.01875 0.040625