17 0.346875 0.7247634069400631 0.690625 0.4384858044164038
10 0.7234375 0.6474763406940063 0.1515625 0.1640378548895899
5 0.90625 0.61198738170347 0.1828125 0.14511041009463724
10 0.6796875 0.42113564668769715 0.0703125 0.08990536277602523
19 0.721875 0.36198738170347006 0.09375 0.061514195583596214
1 0.559375 0.3257097791798107 0.1640625 0.11987381703470032
19 0.4234375 0.3801261829652997 0.0984375 0.06466876971608833
10 0.3 0.3753943217665615 0.1078125 0.07097791798107256
19 0.43125 0.33990536277602523 0.103125 0.031545741324921134
19 0.96875 0.41324921135646686 0.0546875 0.07886435331230283
3 0.98125 0.31309148264984227 0.03125 0.07413249211356467
19 0.821875 0.2657728706624606 0.059375 0.03627760252365931