19 0.6041666666666666 0.490625 0.3541666666666667 0.128125
19 0.50625 0.44375 0.13958333333333334 0.05625
19 0.07708333333333334 0.4453125 0.125 0.0609375
2 0.23958333333333334 0.4390625 0.03958333333333333 0.0578125
2 0.2 0.4328125 0.03958333333333333 0.05625
2 0.15833333333333333 0.4234375 0.020833333333333332 0.0359375
10 0.09791666666666667 0.415625 0.052083333333333336 0.0265625
17 0.058333333333333334 0.3984375 0.029166666666666667 0.0125
2 0.029166666666666667 0.4203125 0.020833333333333332 0.03125
19 0.010416666666666666 0.4140625 0.016666666666666666 0.0171875
17 0.03333333333333333 0.4 0.020833333333333332 0.009375
19 0.13541666666666666 0.428125 0.027083333333333334 0.0359375
3 0.14583333333333334 0.4078125 0.04583333333333333 0.0359375
19 0.175 0.4171875 0.016666666666666666 0.01875
17 0.22083333333333333 0.4046875 0.03333333333333333 0.0140625
19 0.05625 0.4109375 0.027083333333333334 0.009375
19 0.24583333333333332 0.4328125 0.06875 0.04375