5 0.4203125 0.65 0.4328125 0.6861111111111111
3 0.853125 0.37777777777777777 0.284375 0.5111111111111111
19 0.6328125 0.36944444444444446 0.15 0.20555555555555555
5 0.103125 0.475 0.1609375 0.3416666666666667
2 0.253125 0.36666666666666664 0.059375 0.23055555555555557
17 0.153125 0.21388888888888888 0.178125 0.29444444444444445
17 0.05 0.19444444444444445 0.0421875 0.1111111111111111
16 0.0515625 0.25277777777777777 0.025 0.1
19 0.4578125 0.325 0.1703125 0.17222222222222222
17 0.6125 0.21944444444444444 0.128125 0.13055555555555556
19 0.54375 0.3138888888888889 0.128125 0.17222222222222222
5 0.4015625 0.22777777777777777 0.0453125 0.05
17 0.390625 0.19166666666666668 0.0734375 0.06388888888888888