19 0.6703125 0.9508771929824561 0.334375 0.08771929824561403
8 0.9 0.6263157894736842 0.1921875 0.29473684210526313
19 0.1453125 0.7421052631578947 0.225 0.3192982456140351
16 0.053125 0.5421052631578948 0.09375 0.21403508771929824
19 0.04375 0.34210526315789475 0.0859375 0.1649122807017544
19 0.165625 0.22807017543859648 0.0671875 0.12280701754385964
19 0.1921875 0.13333333333333333 0.0484375 0.08771929824561403
19 0.3234375 0.24210526315789474 0.046875 0.11578947368421053
19 0.3921875 0.2578947368421053 0.05 0.14035087719298245
8 0.4546875 0.2578947368421053 0.0515625 0.14385964912280702
19 0.5640625 0.3105263157894737 0.0703125 0.1368421052631579
19 0.5640625 0.1649122807017544 0.0421875 0.08421052631578947
19 0.525 0.23859649122807017 0.053125 0.11578947368421053
19 0.5203125 0.17894736842105263 0.0453125 0.09473684210526316
19 0.3359375 0.1824561403508772 0.04375 0.08421052631578947
19 0.3890625 0.18947368421052632 0.0421875 0.08771929824561403
19 0.3671875 0.08070175438596491 0.021875 0.04912280701754386
19 0.365625 0.04912280701754386 0.0234375 0.03508771929824561
19 0.528125 0.08421052631578947 0.021875 0.056140350877192984
19 0.54375 0.12982456140350876 0.0359375 0.07368421052631578
10 0.634375 0.1824561403508772 0.0359375 0.09473684210526316
10 0.5890625 0.11578947368421053 0.0265625 0.03508771929824561
10 0.571875 0.09824561403508772 0.0234375 0.04912280701754386
10 0.55 0.08421052631578947 0.03125 0.042105263157894736
10 0.503125 0.15087719298245614 0.028125 0.08421052631578947
8 0.4671875 0.20701754385964913 0.0484375 0.10877192982456141
23 0.4671875 0.14736842105263157 0.0421875 0.08771929824561403
23 0.4953125 0.08421052631578947 0.03125 0.07719298245614035
12 0.4546875 0.11578947368421053 0.034375 0.09473684210526316
12 0.4125 0.1368421052631579 0.0421875 0.10877192982456141
23 0.4078125 0.07719298245614035 0.0359375 0.07719298245614035
3 0.446875 0.04912280701754386 0.0296875 0.08421052631578947
12 0.475 0.03508771929824561 0.0234375 0.06315789473684211
0 0.5265625 0.03859649122807018 0.03125 0.06315789473684211
8 0.540625 0.05263157894736842 0.0234375 0.028070175438596492
23 0.36875 0.017543859649122806 0.025 0.03508771929824561
21 0.403125 0.02456140350877193 0.0234375 0.04912280701754386
10 0.425 0.04912280701754386 0.015625 0.04912280701754386
23 0.49375 0.02456140350877193 0.0125 0.031578947368421054
10 0.3765625 0.15087719298245614 0.025 0.08070175438596491
3 0.3390625 0.10877192982456141 0.040625 0.10877192982456141
19 0.08125 0.47543859649122805 0.109375 0.16842105263157894
1 0.059375 0.11228070175438597 0.1078125 0.17192982456140352
16 0.10625 0.15789473684210525 0.015625 0.08771929824561403
2 0.153125 0.11228070175438597 0.015625 0.07368421052631578