5 0.11875 0.7555555555555555 0.2359375 0.48055555555555557
5 0.5328125 0.7388888888888889 0.2546875 0.5166666666666667
10 0.7703125 0.575 0.1578125 0.30277777777777776
19 0.128125 0.55 0.2484375 0.16944444444444445
19 0.21875 0.525 0.1828125 0.14722222222222223
19 0.2765625 0.5027777777777778 0.16875 0.125
19 0.384375 0.46944444444444444 0.0890625 0.08055555555555556
19 0.396875 0.4583333333333333 0.096875 0.08055555555555556
8 0.4875 0.4361111111111111 0.0703125 0.09166666666666666
23 0.290625 0.46944444444444444 0.2015625 0.14166666666666666
10 0.68125 0.4583333333333333 0.0515625 0.12222222222222222
5 0.6 0.425 0.0203125 0.05555555555555555
12 0.8875 0.4361111111111111 0.0375 0.08055555555555556