19 0.6145833333333334 0.5453125 0.49583333333333335 0.1875
10 0.24791666666666667 0.4453125 0.07708333333333334 0.06875
2 0.3375 0.4484375 0.052083333333333336 0.071875
2 0.42083333333333334 0.459375 0.05625 0.071875
19 0.42083333333333334 0.4546875 0.125 0.0625
2 0.11875 0.453125 0.052083333333333336 0.0796875
19 0.17916666666666667 0.440625 0.06666666666666667 0.0453125
16 0.05 0.434375 0.025 0.0484375
2 0.07916666666666666 0.440625 0.035416666666666666 0.0609375
19 0.1 0.4203125 0.025 0.0171875
17 0.13958333333333334 0.4046875 0.03125 0.0140625
23 0.15416666666666667 0.4140625 0.029166666666666667 0.0109375