19 0.890625 0.6805555555555556 0.1 0.1111111111111111
19 0.9546875 0.6527777777777778 0.0625 0.07777777777777778
17 0.9359375 0.6055555555555555 0.1125 0.09444444444444444
5 0.678125 0.6555555555555556 0.0625 0.08055555555555556
5 0.6984375 0.6527777777777778 0.040625 0.07777777777777778
5 0.8265625 0.6333333333333333 0.034375 0.06111111111111111
19 0.528125 0.6861111111111111 0.1 0.07222222222222222
5 0.134375 0.7472222222222222 0.0515625 0.125
9 0.21875 0.6888888888888889 0.05 0.06388888888888888
17 0.165625 0.65 0.0546875 0.08888888888888889
17 0.06875 0.6694444444444444 0.053125 0.09444444444444444
19 0.3015625 0.6694444444444444 0.0421875 0.03888888888888889
5 0.7578125 0.6388888888888888 0.028125 0.05555555555555555
5 0.8578125 0.6277777777777778 0.01875 0.041666666666666664
5 0.0359375 0.675 0.0140625 0.05
5 0.2640625 0.6583333333333333 0.0140625 0.03611111111111111