19 0.2671875 0.8472222222222222 0.53125 0.2916666666666667
9 0.3453125 0.6777777777777778 0.14375 0.09444444444444444
19 0.2890625 0.6583333333333333 0.0671875 0.06944444444444445
17 0.0234375 0.6083333333333333 0.046875 0.1
5 0.0796875 0.6694444444444444 0.0515625 0.09722222222222222
17 0.1703125 0.5972222222222222 0.09375 0.13333333333333333
2 0.2203125 0.6472222222222223 0.0203125 0.08055555555555556
19 0.7671875 0.7027777777777777 0.128125 0.13055555555555556
5 0.625 0.6388888888888888 0.046875 0.08055555555555556
10 0.8515625 0.6388888888888888 0.05 0.06388888888888888
17 0.8171875 0.6083333333333333 0.15625 0.09166666666666666
10 0.9453125 0.6305555555555555 0.025 0.05