10 0.8046875 0.6949860724233984 0.2296875 0.4373259052924791
8 0.690625 0.5083565459610028 0.0625 0.0807799442896936
19 0.5515625 0.5779944289693594 0.11875 0.17548746518105848
19 0.36875 0.5974930362116991 0.2 0.1977715877437326
19 0.23125 0.5111420612813371 0.1328125 0.09749303621169916
19 0.5984375 0.5 0.0421875 0.06685236768802229
23 0.35 0.4777158774373259 0.0578125 0.06406685236768803
19 0.3140625 0.4777158774373259 0.0265625 0.04735376044568245
23 0.4359375 0.4637883008356546 0.03125 0.027855153203342618
19 0.44375 0.4860724233983287 0.0453125 0.03064066852367688
19 0.4765625 0.47493036211699163 0.021875 0.03064066852367688