2 0.0921875 0.6671309192200557 0.0453125 0.11420612813370473
2 0.3046875 0.6504178272980501 0.0359375 0.08913649025069638
8 0.3109375 0.5835654596100278 0.0875 0.10306406685236769
19 0.4484375 0.5835654596100278 0.028125 0.036211699164345405
19 0.5546875 0.6810584958217271 0.1375 0.17270194986072424
19 0.846875 0.6643454038997214 0.18125 0.1392757660167131
8 0.7125 0.616991643454039 0.10625 0.0947075208913649
19 0.6296875 0.6058495821727019 0.0578125 0.055710306406685235
17 0.4078125 0.552924791086351 0.021875 0.04178272980501393
12 0.475 0.575208913649025 0.021875 0.03899721448467967
10 0.03203125 0.6420612813370473 0.0640625 0.25069637883008355