16 0.1859375 0.7479108635097493 0.065625 0.21448467966573817
19 0.671875 0.7743732590529248 0.5703125 0.27298050139275765
19 0.3890625 0.6197771587743732 0.0828125 0.11142061281337047
19 0.4875 0.6225626740947076 0.0828125 0.06406685236768803
19 0.6203125 0.6337047353760445 0.2 0.07242339832869081
19 0.765625 0.628133704735376 0.115625 0.09192200557103064
19 0.9203125 0.6643454038997214 0.15625 0.10306406685236769
19 0.34375 0.5919220055710307 0.04375 0.07242339832869081
19 0.4328125 0.5947075208913649 0.0375 0.06685236768802229
23 0.4640625 0.5807799442896936 0.0421875 0.055710306406685235
19 0.61875 0.5891364902506964 0.0546875 0.03899721448467967