19 0.80625 0.658774373259053 0.059375 0.03899721448467967
2 0.9828125 0.6643454038997214 0.0296875 0.04735376044568245
19 0.6 0.807799442896936 0.1953125 0.22562674094707522
19 0.7953125 0.9415041782729805 0.40625 0.09749303621169916
19 0.2609375 0.8551532033426184 0.353125 0.28133704735376047
19 0.0640625 0.8245125348189415 0.128125 0.298050139275766
8 0.2328125 0.7228412256267409 0.171875 0.14484679665738162
19 0.0734375 0.6810584958217271 0.14375 0.10027855153203342
8 0.4015625 0.7506963788300836 0.128125 0.22841225626740946
12 0.525 0.7116991643454039 0.1140625 0.14763231197771587
12 0.6046875 0.6754874651810585 0.05625 0.055710306406685235