16 0.8921875 0.6810584958217271 0.0296875 0.055710306406685235
16 0.846875 0.6782729805013927 0.0375 0.03899721448467967
2 0.8046875 0.6810584958217271 0.03125 0.055710306406685235
10 0.7296875 0.66991643454039 0.0578125 0.07799442896935933
2 0.6765625 0.6838440111420613 0.034375 0.03899721448467967
2 0.64375 0.6810584958217271 0.03125 0.03899721448467967
2 0.6203125 0.6810584958217271 0.0171875 0.03064066852367688
19 0.503125 0.6615598885793872 0.021875 0.019498607242339833
2 0.5625 0.6754874651810585 0.0125 0.03064066852367688
19 0.2296875 0.871866295264624 0.3 0.2479108635097493
19 0.071875 0.8467966573816156 0.14375 0.2924791086350975
19 0.26875 0.7200557103064067 0.0890625 0.06406685236768803
8 0.05625 0.6754874651810585 0.0609375 0.0584958217270195
8 0.140625 0.7061281337047354 0.115625 0.14763231197771587
12 0.25625 0.6810584958217271 0.075 0.07799442896935933
19 0.1984375 0.7005571030640668 0.021875 0.07520891364902507