23 0.815625 0.6838440111420613 0.359375 0.3064066852367688
16 0.465625 0.807799442896936 0.0828125 0.20334261838440112
19 0.553125 0.6504178272980501 0.1109375 0.14484679665738162
19 0.3421875 0.6643454038997214 0.1453125 0.17270194986072424
19 0.434375 0.6058495821727019 0.0484375 0.07799442896935933
19 0.496875 0.6030640668523677 0.03125 0.06406685236768803
19 0.2765625 0.575208913649025 0.0421875 0.03899721448467967
19 0.31875 0.564066852367688 0.0234375 0.025069637883008356
2 0.6 0.616991643454039 0.0234375 0.03064066852367688
12 0.0875 0.5779944289693594 0.0953125 0.08635097493036212
10 0.1953125 0.5779944289693594 0.034375 0.0584958217270195
10 0.2296875 0.5696378830083565 0.0296875 0.04456824512534819