19 0.2765625 0.5501392757660167 0.1015625 0.12256267409470752
19 0.0390625 0.5250696378830083 0.065625 0.08913649025069638
19 0.128125 0.4832869080779944 0.0234375 0.03064066852367688
19 0.890625 0.6197771587743732 0.2140625 0.14763231197771587
19 0.646875 0.5668523676880223 0.175 0.10863509749303621
10 0.7796875 0.5584958217270195 0.0828125 0.0947075208913649
23 0.6546875 0.5278551532033426 0.1421875 0.09192200557103064
19 0.7140625 0.5306406685236769 0.05625 0.06406685236768803
8 0.46875 0.5111420612813371 0.1078125 0.0807799442896936
19 0.525 0.5222841225626741 0.0625 0.06963788300835655
19 0.5578125 0.5111420612813371 0.040625 0.03899721448467967
8 0.3796875 0.4972144846796657 0.0640625 0.052924791086350974
23 0.3359375 0.49164345403899723 0.03125 0.04735376044568245
19 0.284375 0.4832869080779944 0.025 0.022284122562674095
19 0.309375 0.48885793871866295 0.0234375 0.03064066852367688