19 0.084375 0.754874651810585 0.1671875 0.3147632311977716
19 0.6953125 0.6392757660167131 0.2 0.1894150417827298
19 0.1890625 0.6030640668523677 0.13125 0.14484679665738162
19 0.3734375 0.5919220055710307 0.090625 0.1309192200557103
19 0.5484375 0.5724233983286908 0.0921875 0.09749303621169916
19 0.3171875 0.5557103064066853 0.0453125 0.06685236768802229
19 0.090625 0.552924791086351 0.096875 0.07242339832869081
17 0.1375 0.49164345403899723 0.1171875 0.10863509749303621
17 0.4046875 0.5055710306406686 0.03125 0.0584958217270195
23 0.2 0.5139275766016713 0.0640625 0.04456824512534819
19 0.440625 0.5278551532033426 0.0234375 0.027855153203342618