19 0.4265625 0.6086350974930362 0.09375 0.13649025069637882
16 0.3203125 0.6142061281337048 0.021875 0.09749303621169916
2 0.0828125 0.5891364902506964 0.0625 0.09749303621169916
17 0.2953125 0.48885793871866295 0.1078125 0.1392757660167131
17 0.3640625 0.5055710306406686 0.03125 0.09749303621169916
17 0.3875 0.5055710306406686 0.01875 0.06963788300835655
23 0.4390625 0.5306406685236769 0.0234375 0.03064066852367688
19 0.4625 0.5334261838440112 0.0171875 0.016713091922005572
19 0.79375 0.6643454038997214 0.196875 0.14763231197771587
19 0.890625 0.6532033426183844 0.0890625 0.0807799442896936
8 0.6640625 0.5891364902506964 0.0921875 0.09749303621169916
8 0.7625 0.5779944289693594 0.0984375 0.052924791086350974
19 0.6046875 0.5779944289693594 0.040625 0.052924791086350974
19 0.56875 0.5668523676880223 0.034375 0.03899721448467967
19 0.5421875 0.5501392757660167 0.021875 0.033426183844011144