19 0.7921875 0.7632311977715878 0.4109375 0.298050139275766
19 0.16484375 0.733983286908078 0.3296875 0.362116991643454
19 0.421875 0.6197771587743732 0.109375 0.16991643454038996
19 0.2484375 0.5278551532033426 0.040625 0.04456824512534819
19 0.14375 0.5445682451253482 0.0875 0.07520891364902507
23 0.340625 0.5501392757660167 0.059375 0.10306406685236769
23 0.29375 0.5111420612813371 0.0265625 0.03899721448467967
10 0.4671875 0.5501392757660167 0.0328125 0.07520891364902507
16 0.596875 0.6504178272980501 0.03125 0.10027855153203342
16 0.5265625 0.5807799442896936 0.015625 0.052924791086350974
16 0.503125 0.5612813370473537 0.0125 0.04178272980501393
19 0.7359375 0.6030640668523677 0.1671875 0.06963788300835655