19 0.9578125 0.7604456824512534 0.08125 0.2646239554317549
19 0.8515625 0.6559888579387186 0.1265625 0.12256267409470752
17 0.7265625 0.5835654596100278 0.0828125 0.11420612813370473
16 0.6921875 0.6392757660167131 0.0140625 0.04735376044568245
19 0.646875 0.6086350974930362 0.0328125 0.04456824512534819
23 0.5484375 0.6894150417827298 0.1296875 0.2395543175487465
19 0.05703125 0.745125348189415 0.1140625 0.15041782729805014
8 0.1984375 0.616991643454039 0.1359375 0.0807799442896936
19 0.2515625 0.6838440111420613 0.1859375 0.12256267409470752
19 0.3828125 0.6420612813370473 0.1015625 0.06685236768802229
19 0.453125 0.6114206128133705 0.0671875 0.05013927576601671