9 0.06953125 0.5696378830083565 0.1390625 0.0947075208913649
10 0.19375 0.5724233983286908 0.08125 0.10027855153203342
10 0.26875 0.5724233983286908 0.0640625 0.08635097493036212
16 0.309375 0.6392757660167131 0.03125 0.08635097493036212
9 0.3328125 0.564066852367688 0.0375 0.0584958217270195
19 0.48125 0.5696378830083565 0.03125 0.04735376044568245
10 0.41875 0.5557103064066853 0.0265625 0.036211699164345405
19 0.8359375 0.6392757660167131 0.153125 0.11977715877437325
19 0.7390625 0.6002785515320335 0.06875 0.07242339832869081
19 0.6609375 0.5835654596100278 0.0453125 0.05013927576601671
19 0.6296875 0.5724233983286908 0.0234375 0.03899721448467967
12 0.5328125 0.5696378830083565 0.0359375 0.0584958217270195
17 0.940625 0.4972144846796657 0.115625 0.10306406685236769
23 0.89375 0.6142061281337048 0.1375 0.15041782729805014