19 0.3859375 0.7061281337047354 0.1296875 0.1894150417827298
16 0.7609375 0.8328690807799443 0.1625 0.233983286908078
16 0.171875 0.6476323119777159 0.03125 0.07520891364902507
16 0.2546875 0.66991643454039 0.0234375 0.07520891364902507
12 0.4265625 0.6253481894150418 0.065625 0.11977715877437325
3 0.3109375 0.575208913649025 0.0515625 0.07242339832869081
19 0.8875 0.6838440111420613 0.2203125 0.15598885793871867
19 0.6921875 0.6504178272980501 0.1203125 0.10584958217270195
19 0.6140625 0.6337047353760445 0.05625 0.07520891364902507
19 0.56875 0.6197771587743732 0.0453125 0.055710306406685235
19 0.9515625 0.6337047353760445 0.0921875 0.06685236768802229
12 0.725 0.5974930362116991 0.0609375 0.03899721448467967