19 0.034375 0.692200557103064 0.06875 0.23119777158774374
19 0.325 0.5696378830083565 0.18125 0.12813370473537605
2 0.1609375 0.5724233983286908 0.0671875 0.08635097493036212
19 0.5671875 0.6142061281337048 0.1078125 0.14763231197771587
17 0.43125 0.4972144846796657 0.0328125 0.06963788300835655
23 0.4984375 0.5222841225626741 0.0234375 0.04178272980501393
16 0.478125 0.5668523676880223 0.0125 0.052924791086350974
19 0.515625 0.5222841225626741 0.009375 0.025069637883008356
12 0.86875 0.6086350974930362 0.1953125 0.17548746518105848
19 0.6890625 0.5612813370473537 0.0546875 0.055710306406685235
10 0.746875 0.5668523676880223 0.0546875 0.07799442896935933