3 0.1109375 0.5668523676880223 0.190625 0.2562674094707521
16 0.228125 0.766016713091922 0.06875 0.18384401114206128
19 0.275 0.6197771587743732 0.0765625 0.09749303621169916
19 0.39375 0.6309192200557103 0.0671875 0.0947075208913649
19 0.703125 0.6392757660167131 0.1171875 0.08635097493036212
19 0.5609375 0.6058495821727019 0.04375 0.03899721448467967
19 0.515625 0.5974930362116991 0.0171875 0.03064066852367688
3 0.5484375 0.5668523676880223 0.03125 0.025069637883008356
17 0.584375 0.5584958217270195 0.065625 0.03899721448467967
19 0.83125 0.6225626740947076 0.0671875 0.0807799442896936
23 0.7609375 0.6142061281337048 0.1234375 0.10584958217270195
23 0.6203125 0.6030640668523677 0.0734375 0.06406685236768803
12 0.475 0.6114206128133705 0.065625 0.10027855153203342
8 0.4296875 0.6002785515320335 0.028125 0.05013927576601671