10 0.02734375 0.5738161559888579 0.0546875 0.19220055710306408
10 0.2234375 0.5083565459610028 0.0734375 0.08913649025069638
10 0.3140625 0.49164345403899723 0.028125 0.06406685236768803
19 0.365625 0.5 0.0484375 0.06128133704735376
19 0.525 0.5501392757660167 0.0828125 0.10584958217270195
23 0.4640625 0.48885793871866295 0.021875 0.04456824512534819
17 0.4078125 0.4582172701949861 0.0171875 0.033426183844011144
23 0.8796875 0.5835654596100278 0.1765625 0.15598885793871867
19 0.9640625 0.5974930362116991 0.065625 0.10584958217270195
19 0.7359375 0.552924791086351 0.10625 0.08913649025069638
19 0.7796875 0.5389972144846796 0.0359375 0.05013927576601671
19 0.653125 0.5222841225626741 0.0578125 0.052924791086350974
19 0.6078125 0.5111420612813371 0.0359375 0.033426183844011144
12 0.58125 0.49164345403899723 0.0453125 0.03899721448467967
19 0.7046875 0.5083565459610028 0.04375 0.019498607242339833