2 0.028125 0.658774373259053 0.021875 0.07520891364902507
19 0.0921875 0.6337047353760445 0.040625 0.08635097493036212
19 0.1078125 0.6058495821727019 0.040625 0.07242339832869081
3 0.1703125 0.6253481894150418 0.0640625 0.12534818941504178
19 0.284375 0.6197771587743732 0.0640625 0.08356545961002786
19 0.315625 0.6058495821727019 0.0296875 0.055710306406685235
2 0.3421875 0.6309192200557103 0.03125 0.052924791086350974
2 0.3734375 0.6225626740947076 0.0265625 0.04735376044568245
8 0.8328125 0.6002785515320335 0.0609375 0.09749303621169916
2 0.79375 0.5947075208913649 0.0125 0.03899721448467967
8 0.8953125 0.5696378830083565 0.0515625 0.07520891364902507
16 0.903125 0.628133704735376 0.0203125 0.06128133704735376
12 0.959375 0.6225626740947076 0.075 0.20612813370473537