19 0.321875 0.841225626740947 0.64375 0.30362116991643456
16 0.0578125 0.7855153203342619 0.115625 0.08635097493036212
19 0.9484375 0.7938718662952646 0.0984375 0.3203342618384401
19 0.415625 0.6476323119777159 0.14375 0.0807799442896936
19 0.275 0.6225626740947076 0.0921875 0.055710306406685235
19 0.1609375 0.6086350974930362 0.084375 0.06128133704735376
19 0.0859375 0.5974930362116991 0.059375 0.04735376044568245
19 0.01796875 0.5891364902506964 0.0359375 0.05013927576601671
19 0.85 0.692200557103064 0.10625 0.1392757660167131
19 0.4890625 0.6253481894150418 0.084375 0.04735376044568245
19 0.725 0.6309192200557103 0.0546875 0.04735376044568245
3 0.621875 0.5974930362116991 0.096875 0.10584958217270195
8 0.59375 0.6337047353760445 0.1015625 0.0807799442896936
19 0.7453125 0.6058495821727019 0.0453125 0.03064066852367688
8 0.809375 0.616991643454039 0.05625 0.055710306406685235