17 0.12890625 0.44986072423398327 0.2578125 0.45125348189415043
17 0.296875 0.4972144846796657 0.08125 0.17270194986072424
19 0.375 0.5947075208913649 0.084375 0.13370473537604458
23 0.428125 0.541782729805014 0.0265625 0.052924791086350974
23 0.953125 0.7688022284122563 0.090625 0.17270194986072424
23 0.75 0.6532033426183844 0.153125 0.14206128133704735
8 0.865625 0.6309192200557103 0.1078125 0.10584958217270195
19 0.6390625 0.6030640668523677 0.0734375 0.08635097493036212
19 0.5953125 0.5779944289693594 0.040625 0.04735376044568245
19 0.5609375 0.564066852367688 0.034375 0.04735376044568245
19 0.515625 0.5473537604456824 0.0234375 0.025069637883008356
19 0.4484375 0.5389972144846796 0.0125 0.03064066852367688